再见摄影,7.8,97,2.99,11216
漫行阿根廷,0,0,4.99,1653
岁月神偷,8.8,27,1.99,1915
再一次开始的摄影,7.2,42,1.99,2256
辰,8.4,36,1.99,1981
美食摄影,7.2,1573,0,30807
F lover,8.2,497,2.99,29299
偶遇人物志 One,8.8,79,1.99,3527
未寄信,8.4,21,1.99,1193
浮生轻迈,8.6,22,1.99,1716
爱在北京,8.2,179,2.99,14946
从斯堪的纳维亚到巴伐利亚,0,0,0.00,2283
病人与它,7.0,27,1.99,998
东京浮游,7.0,218,2.99,11764
北海道之梦,8.0,196,0.99,7537
岁时盛京：家门口的七十二候,0,0,1.99,2055
一个人,9.0,736,1.99,27264
不逍遥的海岛,8.0,18,2.99,1502
随手拍光影,8.2,72,1.99,6919
9×9,7.2,33,1.99,1892
银盐印度,7.4,29,3.99,2113
生•活,8.6,45,0.99,2121
我只是这样的爱着你,8.6,31,1.99,963
我就是岛屿,6.8,38,1.00,1.00,2082
蜂房,8.0,21,1.99,852
生活在别处,7.4,26,0.99,1008
两界·阳,8.4,24,1.99,2116
烟雨中,8.2,25,1.99,1965
大迁徙（图集）,8.6,166,0,7128
消失的老福州——最后的上下杭,8.6,40,1.99,1542
心中的西藏,8.0,29,1.99,895
总之我无所事事,7.2,14,1.99,699
病人与它Ⅱ　,7.4,11,1.99,385
心理学读书笔记,0,0,0,2495
纽约，永不落幕,8.2,64,1.99,4851
New York,7.2,15,2.99,2305
病人与它 III,6.8,14,1.99,926
就在世界尽头,7.8,262,1.99,9205
东西映像,7.2,63,0.99,2328
博物馆风景,7.2,19,1.99,1284
人文缅甸,7.0,31,1.99,979
大道·狭斜,7.8,17,1.99,679
华彩中国,8.8,270,2.99,6353
南山陲,8.6,24,1.99,1737
暮色,0,0,1.99,619
佳能EOS700D摄影从入门到精通,0,0,3.99,2575
大池镜头下的阿塞拜疆,8.0,27,1.99,2299
燈百姿,8.2,24,1.99,723
America in my Eyes,7.8,54,1.99,3783
空岛行,0,0,0.99,444
在深圳,7.0,85,1.99,4400
光的游戏,8.0,92,0.99,2997
旧情书 3,0,0,1.99,173
小菜园,7.8,23,1.99,1662
夜忙症,8.6,120,0,7519
漫走,7.2,22,1.99,1235
伊斯坦布尔,7.6,232,1.99,13402
我愿葬身此地,8.4,39,1.99,2524
两界·阴,8.2,24,1.99,1289
M50@涂鸦墙,7.4,12,1.99,1468
拉萨河,7.4,24,1.99,799
徒步走过四季,7.4,16,2.99,1329
美食摄影Ⅱ,7.2,12,1.99,1291
营造无法式,7.8,26,1.99,1229
在人间,7.0,109,1.99,4609
自然X城市,0,0,2.99,900
小轩窗,7.4,34,1.99,1256
散文澳门,5.6,34,0.99,2790
人生不过一场大梦Ⅱ,7.6,14,1.99,422
雕虫·雕龙,7.6,14,1.99,430
纳木错,8.6,39,1.99,977
乡愁：一次别离,0,0,1.99,584
Syntax,0,0,2.99,648
庙堂之高,7.0,20,1.99,860
如期抵达,8.6,70,2.99,3669
生活在汉江边 ,7.4,11,1.99,502
欧游行记：从斯堪的纳维亚到巴伐利亚,0,0,0,747
从前车马邮件慢,8.0,30,1.99,1927
再见邓南光1：东瀛写真,0,0,5.99,257
台北原宿—忠孝敦化站,6.6,39,0.99,2044
行走日记,7.4,17,1.99,794
赤道之城,0,0,3.99,309
云游,0,0,1.99,366
在柏林,8.0,63,1.99,2930
芬兰印象,0,0,0,1423
我也去了英国,0,0,1.99,556
东京,6.2,69,1.99,4351
青春写真集,7.2,14,1.99,2000
正在消逝的记忆,0,0,1.99,633
香港,7.0,134,0.99,2366
今日有猫,8.6,60,0.99,2328
上海，2002,8.4,31,1.99,2060
村头摄影之苏州木渎古镇,6.2,201,0.99,4587
墨西哥城相记,0,0,0.99,230
博物称华,7.4,17,1.99,853
上帝之城,7.4,22,1.99,911
城市的海洋日记,0,0,0,58
鸟、孤人和我们,7.4,17,0.99,645
村头摄影之黔东南州古村镇,7.2,14,0.99,770
指尖上的街头,0,0,1.99,613
村头摄影之春季婺源北线,7.0,13,0.99,1158
一念之间,8.2,51,1.99,3027
雪上故乡,0,0,1.99,263
树表,0,0,0.99,252
温度,7.2,31,0.99,2319
人生不过一场大梦Ⅰ,7.4,46,1.99,2339
洗洗睡吧&不在家的神像,6.6,160,0,3314
印象西藏,7.0,68,0.99,3612
不为没意义的旅行出发,7.4,14,0,1359
黄色的尽头,0,0,0.99,185
心是海洋的颜色,7.2,12,1.99,868
村头摄影之苏州平江路,6.0,114,0.99,3234
再见印度—克什米尔,6.8,39,2.99,3128
离天堂最近的地方,0,0,1.99,176
生活的影子,7.4,20,1.99,1010
大湖,7.6,51,1.99,2531
晴天见,7.4,24,1.99,1145
在大街上,7.8,40,0.99,1784
只有大海这块幕布永看不厌,7.2,144,0.99,3300
布时光,8.4,21,3.99,1450
北京黑白故事,7.4,114,0.99,3720
村头摄影之武汉老里份,6.6,278,0.99,4794
昭和拾遗,8.4,273,1.99,11204
带你去看丙察察,0,0,2.99,409
100个年轻人访谈纪实,7.6,43,2.99,7473
流转的生活,0,0,1.99,223
巴黎，一场流动的狂欢,8.2,136,1.99,5309
村头摄影之冬季南靖土楼,7.6,18,0.99,700
胶卷人像摄影,0,0,0,242
门阀与阶级,7.2,23,1.99,930
Chiang Mai Feels Happy,7.4,162,1.99,4383
巴黎城记,8.0,85,1.99,3790
曾在,0,0,0.99,385
南营街,7.2,22,0.99,270
霎那沙巴,0,0,2.99,433
堡，所以保民也,7.2,17,1.99,505
大隐·中隐,7.8,21,1.99,669
摄影轻松入门,0,0,5.99,6139
三天两夜,8.6,106,1.99,5183
再见邓南光3：「凝视浪漫1930s-1971」「极小相机1958-1971」「文集」,0,0,5.99,130
遇上 · 隐,0,0,0.99,171
旧情书 2,0,0,1.99,242
test,0,0,0,10
村头摄影之肇庆老城区,6.2,102,0.99,4194
路过童年,0,0,0.99,431
你的世界我来过,0,0,0,854
一明一灭一尺间,8.0,57,1.99,3469
美吖漫行记,0,0,0,77
杂碎,0,0,0,188
凝望的时代,0,0,7.99,761
陌生,7.4,27,1.99,499
诗和远方,0,0,0,9843
秘鲁：印加之路,0,0,1.99,300
情迷希腊,7.8,37,1.99,1639
村头摄影之秋季安义古村落,7.2,43,0.99,2027
 皇帝的新衣 The Emperor's New Clothes,8.2,130,0,4049
北京，一座城,6.8,17,1.99,1720
骚年影记,0,0,0,679
一只有文化的猫回忆青春,0,0,0,162
马卡鲁的盛宴,7.6,53,2.99,1769
明兮吾爱,0,0,0,14
行走上海滩,0,0,1.99,159
小小豚鼠公寓,8.4,77,1.99,2931
肉肉的生活小矫情,0,0,0,17
北平战役,7.0,137,0,1722
云中漫步,0,0,0,29
光影如梦,0,0,0,128
我在广州的每一个周末,0,0,0,1397
风与云,0,0,0,418
香港的表情,7.6,53,0.99,2024
带你去看新藏线,7.6,28,2.99,2417
一个60后的真实人生【第三部】,0,0,0,9297
30岁以后的行走记录,0,0,0,655
非黑即白,0,0,1.99,638
从前，有一个小孩,8.4,125,0.99,3351
囚鸟之撸猫记,0,0,0,234
醒来的每天,0,0,0,78
愿时光永存,7.6,26,0.99,989
七尺镜花,0,0,1.99,162
无用,7.6,36,1.99,1696
我的备忘录,0,0,0,41
偶遇西藏,7.2,37,1.99,831
村头摄影之饶平土楼,0,0,0.99,151
撸猫记Ⅱ,0,0,0,68
村头摄影之夏季沙溪古镇,7.4,21,0.99,930
和光同尘,0,0,0,42
旧情书 4,0,0,1.99,425
3×3 转角处的偶遇,7.6,12,2.99,464
光影笔记,0,0,0,336
南方的离岛,0,0,1.99,393
在世界流浪是最好的青春,0,0,0,165
Skins and Bones / 皮肉和骨头,7.2,26,0.99,1103
在长沙,0,0,0,228
Good Holga Vietnam ,0,0,1.99,137
在路上,0,0,0,44
出走,7.0,11,0.99,1132
存在,7.2,17,1.99,1129
卡塔卡利,0,0,1.99,150
行走和言语,0,0,0,521
28mm时差,0,0,2.99,921
东京浮世绘,7.6,25,1.99,1697
既可以朝九晚五，又能够浪迹天涯,0,0,0,493
三言两语之一见,0,0,0,2054
且行且走,0,0,0,1487
INVISIBLE IN TAIWAN,6.2,38,1.99,613
在大学出行,0,0,0,31
厚重的布达拉宫,8.0,14,1.99,573
旧情书 1,7.6,11,1.99,634
走，去云南,6.6,16,1.99,697
世界是你以为的形状,0,0,0,198
孤独城堡,0,0,1.99,594
船城记事,7.0,15,1.99,492
写在漓江边上,8.0,23,1.99,501
時間的吉光片羽,0,0,0,87
城市速写,0,0,0,97
我看世界的方式,0,0,0,42
时光的形状,8.0,22,1.99,1733
我眼中的世界,0,0,0,324
People I Meet,0,0,1.99,727
我说我见,0,0,0,115
禾木,7.4,16,0.99,496
那些拿起相机的日子,8.6,180,1.99,9430
村头摄影之宁波月湖西岸,6.2,77,0.99,2600
起风了,0,0,1.99,221
你好，台湾！ 再见，台湾！,0,0,0,479
无法言语你的美,7.0,14,1.99,228
村头摄影之苏州陆巷古村,5.4,108,0.99,2799
