上钩,8.0,277,1.99,15525
金小姐的夏日旅行,7.2,46,0.99,4904
小妇人（下部 · 大结局）,0,0,0.00,192
都是异乡人,8.6,40,0,110288
超五星体验之进击的笑笑,0,0,0,156
生命中的一年,9.0,73,0.00,12197
朋友圈,8.8,347,2.99,79755
干燥，有风,9.0,135,2.99,31288
平凡的移民生活,9.4,21,0,37237
活在美国：步步为陷,0,0,0,2584
颤抖的叶子,9.2,69,5.99,19713
手臂糖,8.4,72,1.99,14806
相濡以沫,9.6,33,0.00,11969
天涯追梦人,9.6,32,0,158466
对窗,7.8,813,1.99,41961
梦冬,9.0,734,1.99,92016
美国职场宫心计,8.2,13,0,12777
曼城的天空,9.4,80,3.99,11477
搭伙,8.8,48,1.99,6176
美国职场宫心计--番外篇,9.4,30,1.99,1965
理想国,7.0,201,1.99,13651
破茧,8.2,161,1.99,20027
失婚记,8.8,74,4.99,18889
圈,9.0,19,2.99,3068
小妇人（上部 · 第二卷）,0,0,3.99,858
友情,8.4,225,0.99,10237
人偶调查,7.4,146,1.99,4428
Fix 定点,0,0,0,4832
无人关注,0,0,0.99,0.99,421
浮城旧梦,8.6,69,2.99,10499
小妇人（上部 · 第一卷）,0,0,2.99,889
深夜电影院的天使,0,0,0.00,281
茉莉,7.4,21,1.99,1021
小妇人（下部 · 第一卷）,0,0,2.99,493
芝城故事,7.8,260,1.99,13785
小妇人（下部 · 第二卷）,0,0,3.99,275
暗夜蔷薇,8.4,55,0.99,4615
吴维的世界,8.0,33,0.99,2678
主妇琳达·肖,7.8,50,1.99,4082
小妇人（上部 · 完结卷）,0,0,2.99,1047
选择,7.6,181,0,3199
美人痣,0,0,1.99,170
在纽约,8.4,74,1.99,9254
在皮卡迪利,0,0,1.99,559
讨厌商业的张笑笑去了哈佛商学院,0,0,0,38
薄幸街,9.0,44,1.99,4427
螺蛳壳,7.6,172,1.99,4268
好运气,7.2,18,2.99,853
中国药方 Un remedio chino,0,0,0,1959
柏林恋人,7.6,173,1.99,24138
信仰,8.4,101,0.99,6287
三文鱼之味,0,0,0.99,922
巴黎浮生,9.0,40,2.99,8374
被选中的伦敦鸽子,5.0,133,1.99,4070
谢谢你的海,7.8,166,1.99,14277
雪女,8.8,40,1.99,3161
黛西,8.4,41,1.99,3757
怨恨女人的人,0,0,4.99,128
开航,7.4,247,1.99,15638
遇见,0,0,1.99,651
黑手党夫人的委托（一）,7.4,14,0,1380
孤旅,6.2,136,0,12861
坏榜样,8.0,136,1.99,10970
银瓶记,6.6,104,3.99,12938
沙巴之恋,0,0,2.99,560
无比荼蘼,0,0,1.99,1294
咫尺,0,0,0,22
彩虹城 Rainbow Village,0,0,0,7177
消失的弗兰克,0,0,2.99,995
美国西部的铁血情仇,0,0,1.99,347
告别植物迷宫,0,0,1.99,1326
且无风雨且无晴,0,0,0,76
一个好故事,0,0,1.99,210
阿拉莫,0,0,4.99,1590
归途有期,8.6,28,1.99,3074
龋齿、iPhone与丢失事件,0,0,1.99,1130
1.99,3722232492182041821842243136
一个女人的765封信,0,0,0,3
私奔后遗症,6.0,155,1.99,4449
纽约 情人 东河水,7.4,12,1.99,1358
追逐辛德瑞拉,0,0,1.99,246
鱼缸城市,7.2,57,0,4591
埋藏,0,0,1.99,167
一别就是一辈子,0,0,0,1077
严凝的短篇小说,0,0,0,34
最后一首诗,0,0,1.99,204
蝶恋花•情殇,6.8,22,0.99,956
美山塔,0,0,1.99,59
维也纳变奏曲,7.4,29,9.99,20549
郑太太的罗曼蒂克,8.6,34,1.99,4488
江口和蕙,6.6,15,1.99,1017
曼哈顿的甲店,0,0,4.99,747
31颗白兔糖,0,0,1.99,268
法界,6.2,106,1.99,2899
天堂的通行证,0,0,0.99,373
情迷德黑兰,0,0,1.99,866
嫉妒与妄想,0,0,1.99,640
轲依达与耶库特,0,0,1.99,130
原谅,8.0,30,0,36978
客居纽约,0,0,0,975
跨跃太平洋,0,0,0,18
太阳的姿势,0,0,0,47
矿业枭雄,0,0,0,248
遗忘通论,0,0,0,1
世界尽头的岛,0,0,1.99,1212
素语绿萝,0,0,0,77
NICE TO MEET YOU,0,0,0,3903
一只狗的秋天,7.4,12,1.99,1454
夏天的圣诞,7.8,60,0,21545
渥太华河畔踏歌长行,0,0,0,65
墙花集,8.2,44,0,28789
荒漠燃烧,0,0,1.99,362
窗外紫槐次第开,0,0,0,1220
左伊的冬天,0,0,0,47
悉尼：无法兑现的爱,0,0,0,3979
一个怀疑论者,0,0,1.99,447
双子,0,0,0,12
君夜,0,0,0,34
反方向的车,0,0,0,72
找翡翠的人,0,0,0,13
白石恋人,0,0,0,10
在法国的八种人生,0,0,0,453
雷·马西莫,7.4,17,1.99,681
告别，意味着死去一点点,0,0,0,380
伦敦美食日记,0,0,0,29
流金岁月,0,0,0,35
我的北非,0,0,0,73
紫,0,0,0,13
生活在别处,0,0,0,38
漂走的十年,0,0,0,58
大林木与海中金的一呼一吸,0,0,0,427
山中遇仙记之北美伤痕文学版,0,0,0,10
霞飞纽约,0,0,1.99,371
我的留学生涯,0,0,0,5627
84张老照片,0,0,0.99,413
有趣的事情早就写在了开头,0,0,0,46
无名之人的信仰,0,0,0,240
7.4,36,4.99,551214181155142139136137123115
夜莺岛,0,0,0,149
各色,0,0,0,4145
外嫁女在德国,0,0,0,197
波士顿假日,0,0,0,19525
一杯咖啡，路过纽约,7.2,45,1.99,1787
微笑属于卢旺达,0,0,0,17564
留洋回忆录,0,0,0,71
遗珠,0,0,0,4332
起名这种事太俗,0,0,0,40
打工度假,0,0,0,14787
在加的日子,0,0,0,177
今晚的月色真美,0,0,0,21
莉丝与特德,0,0,1.99,450
似酒流年,0,0,0,891
6.99,299272256263241222211230232355
柬埔寨往事,0,0,0,76
如何窥探你，我的巴黎,0,0,0,48
诺克萨斯长刀之夜,0,0,0,930
每个人都是一个小故事,0,0,0,13356
叹息桥 The Bridge of Sighs,0,0,0,64
丘园终吉,7.4,16,0,16317
塞拉达,0,0,0,601
五星级服务,0,0,0,161
奥菲利娅,0,0,0,51
无间奈落,0,0,0,309
后大学美漂时代,0,0,0,56
澳大利亚往事,0,0,0,46
6.99,286224211206188188171157249158
消失的人们,0,0,0,12
没有海角的国度,0,0,0,32
水煮鱼游不过大西洋,0,0,0,136
月亮之眼,0,0,0,33
爱在社交网络时代,0,0,0,2190
米兰精神病院的日子,0,0,0,152
360芝加哥——在美国胡思乱想的故事,0,0,0,70
绿茵,0,0,0,150
我在欧洲遇见的年轻人,7.6,19,1.99,942
在大纽约的小日子,0,0,0,559
与友人的信,0,0,0,388
山麓街纪事,0,0,0,1605
坎伯兰的仇杀,0,0,1.99,58
无国籍,0,0,0,203
天作,0,0,0,1142
奇遇帕拉贡,0,0,0,70
我有个故事说给你听,0,0,0,21
那些年,0,0,0,9
原来,0,0,0,2795
暗火,0,0,0,45
异国之梦---我在澳州,0,0,0,1003
怎样告别：香港篇,7.6,17,0,11855
我为什么要去世界走一走,0,0,0,9
夜，五指之徒,0,0,1.99,92
马文的德国世界,0,0,0,7
《陌客》,7.2,11,0,11280
离婚或许是最好的解脱,0,0,0,1897
卡萨夜昼,0,0,0,53
