植物忆旧集,7.6,78,1.99,11350
屋顶上的鱼,7.0,73,1.99,14644
少女瘫痪笔记,9.2,922,1.99,52324
怀旧食堂,7.6,55,1.99,8575
众生相,7.6,13,1.99,2808
姐姐,8.8,1332,1.99,112661
眼望着北方,8.2,250,1.99,17030
圆桌体,8.4,39,0.00,2348
山中的糖果,8.2,185,1.99,17567
一隅,7.8,17,1.99,1573
深夜的呼吸,7.4,60,1.99,2703
窗前流水枕前书,0,0,0.00,1315
单身,7.6,17,0.00,2443
听雨梧桐梦故园,8.8,110,0,15172
给青年诗人的信,8.8,60,1.99,9356
旷野风吟,0,0,4.99,3616
十个光棍、三个哑巴和一个瞎子,0,0,0.00,765
你不许变心,8.2,22,0.99,0.99,1699
京都第五年,8.8,2052,1.99,193086
不想上班，而不是不想工作,7.8,61,1.99,7891
盛京四季：家门口的草木日记,8.6,244,0,22961
没有人不需要被安慰,8.2,74,2.99,13475
找鸟的笼子,8.2,70,1.99,6033
漫长的谢幕,8.2,140,2.99,15211
宋朝食序,8.4,22,1.99,3119
林林总总,0,0,1.99,764
斫琴记,8.8,63,2.99,3131
自然纪事,0,0,1.99,2069
佛寺石窟记,0,0,0,1420
全世界的恋我都失一遍：情爱电影随笔,0,0,0,32147
疏篱集,8.4,24,1.99,3895
暴力史,8.0,309,1.99,20986
海南风物,8.2,64,0.99,5044
性别实验,7.8,132,1.99,11956
星,9.2,79,1.99,16935
山水与日常,9.4,48,1.99,10484
二十一岁以及我的余生,9.6,434,0,471316
圆桌长短句,7.2,11,0.00,1478
天边故人庄,9.2,75,1.99,6023
养鸟记,7.6,23,1.99,1080
忆猫集,8.0,12,1.99,1160
我的宿迁 四,0,0,0.99,703
与抑郁患者同游,7.4,18,1.99,3840
没有人给我写信,0,0,1.99,889
风雪割喉,0,0,0.99,873
年高的北京,7.0,32,0.99,7085
红楼梦人物详解,0,0,0,37826
好远的路,7.4,29,1.99,1903
四季来信,7.8,21,1.99,3323
文艺咖啡馆，我把时光献给你,7.6,53,1.99,12131
大隐，隐于回忆,0,0,1.99,893
路遇幸福,0,0,1.99,556
浮世与记忆,9.0,42,1.99,10886
请给我尊严,8.2,16,1.99,1380
咖啡的故事,0,0,0,2356
青春的八年迷彩,0,0,1.99,558
青春是朵孤独的异域,7.4,241,1.99,2384
荒途,8.6,79,0,80427
你那么有趣我舍不得忘记,0,0,1.99,5474
凛冬将至,0,0,1.99,752
考研日记 南京一年,0,0,3.99,4282
瓦尔登湖,8.0,23,4.99,12682
花满楼的九条命,8.0,33,0.99,2514
一个人的创世纪,0,0,1.99,1112
村上的日月,0,0,1.99,535
在冬天里醒来,0,0,1.99,1603
狗和我都看了你一眼,7.4,17,1.99,3135
20出头的孤傲与淡漠,8.4,21,0,250721
病人列传,8.4,112,1.99,11433
吾家清供,0,0,0,80
与子书,7.4,20,1.99,1555
润土,7.2,20,1.99,1322
涂家湾,9.0,30,1.99,1791
青春,7.8,28,0.99,1848
惟离别乃人生,8.2,11,1.99,1698
蜻蜓,0,0,2.99,1966
吃货的世界你不会懂,9.0,18,1.99,1368
班男大作战·斗鸡,0,0,1.99,197
昨天的炊烟,0,0,0,2982
纷乱的思绪,0,0,0,49273
他们消失在牛市中,7.4,17,1.99,1453
《真正成就你的，是至暗时刻的决定》,0,0,0,157
地铁随笔,0,0,1.99,485
懒人的生活哲学,8.0,12,0,60079
放弃自己的一百零一种方法,7.6,283,1.99,15885
爱哭鬼的“四脚”妈妈,0,0,1.99,162
岁月是流淌的棉线,0,0,1.99,1803
关于霍乱时期的爱情,0,0,0,342
胖子请勿远行,0,0,1.99,627
秋风飞过北京上空,9.2,24,1.99,3047
截拳道与人生,0,0,1.99,931
被遗忘的中国乡村,0,0,1.99,608
他的葬礼,5.6,70,1.99,4865
故乡在月亮升起的地方,7.8,15,4.99,3700
具象和抽象的人：诗和散文,0,0,0,263
鹿城往事,7.4,15,0.99,963
三郎，你在美国都干了些什么,6.8,16,3.00,3028
我要停车在中国,0,0,1.99,254
一个人跑步,0,0,0,4239
黑氧,0,0,1.99,521
与文字有关,0,0,1.99,345
城市里应该有一匹马,0,0,0.99,758
考试的故事,7.4,12,0.99,395
赴宴:重访巴黎文艺圣地,0,0,0,13698
我只写“马克吐温”那样的小故事,0,0,0,113
第二次童年,7.6,22,1.99,1398
去德语国家行走,7.4,13,1.99,2073
老家颍河上,0,0,0,347
南方小镇,0,0,0.99,914
野闻录,0,0,0,626
稀松尘世,7.6,11,1.99,924
现代情诗诗集,0,0,0,4088
弹·俗语,7.2,14,0.99,841
大秦岭遗稿,0,0,0,708
黑氧,0,0,0,3320
天地人,0,0,1.99,146
嘘，别出声,0,0,1.99,531
不安的村庄,7.6,11,1.99,933
放肆的生活,0,0,1.99,1051
我的宿迁,0,0,0.99,871
飞鸟廿帖,0,0,0.99,789
一条叫大头的金毛犬,7.4,17,0.99,1070
欧城小事,0,0,0,238
感情说说,0,0,0,7
高级动物,0,0,1.99,377
我的生活是一部日剧,0,0,0,1626
初探日本房产以及air bnb,0,0,0,182
冬天路过一个北方城市,7.6,203,0,8825
一个理想主义者的归乡路,0,0,1.99,214
风土记,0,0,0,18087
丁芳散文,0,0,0,283
北大荒的知青故事,8.6,19,0,25067
论世界史作为个人史,0,0,1.99,965
想到北歐生活就這麼可笑嗎,0,0,0,20
水鬼,0,0,1.99,636
非深度“糟蹋”古诗词,0,0,0,257
那年江湖路，你爱上了谁？,0,0,0,105
尘世间,0,0,0,143
早起的鸟儿有子弹吃,0,0,1.99,214
去德语国家行走,0,0,0,4211
谈天说地,0,0,0,161
这个有瑕疵的世界,0,0,0,1843
师父,7.6,27,0.99,929
拙别灵,0,0,0,12740
那些貓,0,0,0.99,551
极简产品设计之道与术,0,0,0,494
一个拧巴的悲伤者之自白 和诗,0,0,0,858
做最好的自己,0,0,0,726
长安烟火,0,0,1.99,841
月下散记,0,0,0,120
写给时间的诗,0,0,0,110
平凡之路,0,0,1.99,301
塞尔维亚的味道,0,0,0,261
38个不上班的理想青年,0,0,0,670
我的童年岁月,0,0,2.99,401
我的宿迁 三,0,0,0.99,447
诗意地栖居,0,0,0,14815
这世界的热闹与我无关,0,0,0,67
在远山，有只狐狸在炼丹,7.8,136,1.99,4566
那些生灵,0,0,1.99,719
飘如陌上尘,0,0,2.99,1297
我的乡村,0,0,1.99,455
我的宿迁 二,0,0,0.99,391
转身,8.6,19,1.99,1313
成长的代价,0,0,0,2122
文艺走笔,0,0,0,211
水墨倾城,0,0,0,57
我最终还是成为了一个悲观主义者,7.8,15,1.99,1801
黉中拾记,0,0,1.99,420
古城风物,0,0,1.99,1714
默默陪伴,7.6,11,0.99,541
江国，正寂寂,0,0,2.99,1171
人在草木间,0,0,2.99,668
写文那些年,0,0,0,840
追悼会不是请客吃饭,7.0,39,1.99,1959
沙乡剪影,0,0,2.99,796
人生之味,0,0,1.99,1048
南城纪事,0,0,1.99,417
梦到春天不来，我久久没有话说,0,0,0,28
揪心的玩笑与漫长的白日梦,0,0,0,217
放羊,0,0,1.99,536
乜观三国,0,0,0,157
我的婚恋曲,6.6,155,1.99,10337
如初遇，如诀别,0,0,0,64304
男人迟暮,0,0,1.99,1662
2.99,15341119992196163150149139136154
金庸十几钗,0,0,0,307
少年时,9.8,38,0,18773
三爷,8.0,12,1.99,721
“她”眸——经典与影响力女性电影解读评述,0,0,0,33
蜻蜓看电影,0,0,0,325
散文,0,0,0,114
山村岁月,8.2,14,1.99,1381
艺文类聚丨第一聚丨黑色幽默,0,0,0,241
各投林,0,0,0.99,287
细微处看《红楼》,0,0,0,168
散文集 · 找一枝有意境的枯枝,0,0,0,14
小日子 读懂自己,0,0,0,336
父亲躺在病床上,0,0,0.99,243
我的口袋里，有星星，还有你,0,0,0,2415
倾听村庄的心跳,0,0,0.99,273
他乡故乡,0,0,2.99,978
古今小品校注,0,0,0,349
主宰生死的我们,8.4,348,1.99,19468
鸭如花,0,0,1.99,189
小城游记,0,0,0,52
西藏，心的地方,0,0,0,210
我有故事，你有酒吗？,0,0,0,94
闲居岁月,0,0,0,164
我的男人住在平流层——梦的1001种可能,0,0,0,470
森林笔记（一）,7.8,63,0,4504
浮生八月,0,0,1.99,1128
一生敬爱,7.8,20,1.99,1759
天使,7.2,113,1.99,6016
白日梦,0,0,0,8872
星星撒了一地,0,0,0,180
深如海,0,0,0,34
伙伴们,0,0,0,82
放眼世界,0,0,0,3284
四十不惑,0,0,0,2268
简读《陶俺梦忆》,0,0,0,52
喜欢一个人，会卑微到尘埃里，然后开出花来,0,0,0,88
文人骚客与墨客,0,0,0,23
诗酒趁年华,0,0,0,928
爱,0,0,0,164
少年清梦,0,0,0,118
我不敢回忆过去,0,0,0,1253
后影迷时代,0,0,0,2700
朝夕小集,0,0,0,1129
我的前半生中,0,0,0,84
我的花艺笔记,0,0,0,86
谢谢你遇见我,0,0,3.00,691
T小姐的植物启示录,0,0,0,11
深情象牙塔——女博是这样炼成的,0,0,0,162
创意写作的自我修炼,0,0,0,76
小雨夜话,0,0,0,40
青春的旁观者,0,0,0,50
祝你好,0,0,0,4
一壶茶的时光,0,0,0,182
寻寻觅觅,0,0,0,39
公众号 萝卜的菜地（文选）,0,0,0,194
我们会拥有故事,0,0,0,19
风居住过的街道,0,0,0,12
穿街巷57号院的植物王国,0,0,0,1127
如此欢乐青春,0,0,0,1271
明天的故事,0,0,0,80
漂浮的影子,0,0,0,29
这就是生活,0,0,0,122
片语记,0,0,0,26
亲爱的李雅雯,0,0,0,21
左岸女人的人间烟火,0,0,0,371
行经,0,0,0,123
一万首诗,0,0,0,78
偷得浮生,0,0,0,5
陈言呓语,0,0,0,28
为什么读书,0,0,0,38
几生修得到梅花,0,0,0,204
青春的旁观者,0,0,0,50
肉肉的生活小矫情,0,0,0,17
一壶茶的时光,0,0,0,182
寻寻觅觅,0,0,0,39
公众号 萝卜的菜地（文选）,0,0,0,194
我们会拥有故事,0,0,0,19
穿街巷57号院的植物王国,0,0,0,1127
客途耳语,0,0,0,252
风从骊山来,0,0,0,55
诗旅的行囊,0,0,0,345
诗的出塞,0,0,0,1919
锦鲤记-短暂养猫日志,0,0,0,1244
不畏浮生遮望眼,0,0,0,149
致大学——花开如火也如寂寞,0,0,0,298
无论走过多少日子，有懂得，有花香便是幸福,0,0,0,49
保研失败后,0,0,0,113
北方落雪南方落雪,0,0,2.99,531
十九封信,0,0,1.99,2447
深夜孤独的灵魂,0,0,0,48
律动,0,0,0,150
张小北给朋友们的牢骚信,0,0,0,27
聆听琴音,0,0,0,82
与你小说,0,0,0,4079
清醒梦,0,0,0,115
请进来我的世界稍作停留,0,0,0,99
读书笔记,0,0,0,58
伟大如猴子，渺小如人类。,0,0,0,59
Hi，姑娘，我记得你！,0,0,0,59
别闹，听话。,0,0,0,49
人间就不指南编辑部,0,0,0,87
胡闵之专栏,0,0,0,52
不，谢谢——英漂的七年,0,0,0,1563
青春博物馆,0,0,0,26
有梦,0,0,0,107
旅行青蛙日记,0,0,0,924
心相,0,0,0,20
我的警校生涯,0,0,0,31
一生一瞬,0,0,0,11
与你相识的绵长岁月,0,0,0,617
骨灰人儿,0,0,0,283
惺惺相惜结伴一程,0,0,0,152
关于过去我能想到的都有关于你,0,0,0,66
亲爱的大学——十二封信,0,0,0,22
暂无标题,0,0,0,14
在云,0,0,0,32
路一直都在,0,0,0,30
良辰,0,0,0,45
懒人笔记,0,0,0,61
麦田的孤独与幻梦,0,0,0,23
他们活着是为了死亡,0,0,0,119
高敏感者的臆想世界,0,0,0,39
一个人的城市,0,0,0,50
在醒来的边缘说梦,0,0,0,176
踏遍青山人未老,0,0,0,6
凌晨两点半白蛇,0,0,0,13
费莉希蒂的梦话,0,0,0,49
听风想雨,0,0,0,286
与你小说,0,0,0,4079
清醒梦,0,0,0,115
时间狂想,0,0,0,72
请进来我的世界稍作停留,0,0,0,99
Hi，姑娘，我记得你！,0,0,0,59
风从骊山来,0,0,0,55
回忆是没有尽头的路,0,0,0,125
人,0,0,0,43
陈焜作品集,0,0,0,1047
致大学——花开如火也如寂寞,0,0,0,298
惨淡人生,0,0,0,91
别闹，听话。,0,0,0,49
我的警校生涯,0,0,0,31
三言两语之一见,0,0,0,2054
复古杂谈,0,0,0,229
与你相识的绵长岁月,0,0,0,617
深夜孤独的灵魂,0,0,0,48
律动,0,0,0,150
关于过去我能想到的都有关于你,0,0,0,66
游魂十五日,0,0,0,25
空谷：这里没有答案,0,0,0,45
请为了伟大的文学而死,0,0,0,13
让孤独极致,0,0,0,28
我在下埃及,0,0,1.99,110
故人之忆,0,0,0,17
写给你的100封情书,0,0,0,9
小鱼和东之岛,0,0,0,5
做自己的女王,0,0,0,40
回忆是没有尽头的路,0,0,0,125
Yuki酱与Ale喵的故事,0,0,0,34
陈焜作品集,0,0,0,1047
这些年，一些人，那些事。,0,0,0,84
惨淡人生,0,0,0,91
月亮在积雨云之上,0,0,0,138
kafkG微型小说连载,0,0,0,79
春天流放没有国籍的云朵,0,0,0,20
23岁的下半年,0,0,0,96
时间狂想,0,0,0,72
光阴过去许多年,0,0,1.99,224
生命的原香,0,0,1.99,969
自由照耀万物 也应照耀我们,0,0,0,1207
让孤独极致,0,0,0,28
我在下埃及,0,0,1.99,110
梦里惜别离,8.4,274,1.99,17206
故人之忆,0,0,0,17
空谷：这里没有答案,0,0,0,45
月亮在积雨云之上,0,0,0,138
风中的CASTLE,0,0,0,9
三言两语之一见,0,0,0,2054
春天流放没有国籍的云朵,0,0,0,20
回忆是没有尽头的路,0,0,0,125
人,0,0,0,43
Yuki酱与Ale喵的故事,0,0,0,34
陈焜作品集,0,0,0,1047
这些年，一些人，那些事。,0,0,0,84
樟树池塘,0,0,0,14
追忆故园,0,0,0,124
做自己的女王,0,0,0,40
kafkG微型小说连载,0,0,0,79
草履虫之歌,0,0,0,12
深夜心驰,0,0,0,416
惨淡人生,0,0,0,91
复古杂谈,0,0,0,229
时间狂想,0,0,0,72
听风想雨,0,0,0,286
孤独是成长茶话会里的必需品,0,0,0,564
我的1933,0,0,0.99,132
我与哲学相处的这些天,0,0,0,264
踏花归去,7.6,11,0.49,897
展纸风雅,0,0,0.99,664
鹜,0,0,0,50
【安心馆】——心安处，既归处！,0,0,0,337
一些小短篇,0,0,0,27
写给世界的情书,0,0,0,89
文图不符,0,0,1.99,541
不如私奔,0,0,1.99,895
走走走走,0,0,0,76
遇见即缘分,0,0,0,316
春雪，融泥......,0,0,0,41
你所谓的所谓,0,0,0,117
深圳札记,0,0,0,71
距离写作的的房间差了千万条的兔子洞,0,0,0,39
关于我爱你的臆想,0,0,0,43
风带来你的消息,0,0,0,206
把生活当成一首歌,0,0,0,17
蟹の壳,0,0,0,2016
青春要无悔容易可要做到无憾难哇,0,0,0,28
每个失恋的姑娘，都是一个潜力股！,0,0,0,62
都市生活随笔,0,0,0,16
百态,0,0,0,37
小百说专栏 第一部,0,0,0,189
青春只一晌，不如去远方,0,0,0,58
18编导艺考的两个月,0,0,0,190
图里图外,0,0,0,60
落城以北,0,0,0,17
桃花俱眠，我自馥郁,0,0,0,589
我独自生活,0,0,0,82
北京生活日志,0,0,0,3
温暖的晚安故事,0,0,0,332
墨染流年，丰盈了岁月,0,0,0,817
走猫步的甜妞一,0,0,0,19
风恋,0,0,0,94
天堂行者,0,0,0,83
去一个陌生的地方,0,0,0,7
小辉辉与杨三岁,0,0,0,7
地球之日,0,0,0,14
生活存稿,0,0,0,110
日本留学故事,0,0,0,21
亲身经历的小城市,0,0,0,11
去一个陌生的地方,0,0,0,7
孤鸟,0,0,0,96
小辉辉与杨三岁,0,0,0,7
地球之日,0,0,0,14
生活存稿,0,0,0,110
莫不静好,0,0,0,45
哑巴河畔的村庄,0,0,0,14
日本留学故事,0,0,0,21
亲身经历的小城市,0,0,0,11
读经典武侠 悟快乐人生,0,0,0,208
物事,0,0,0,1392
忧伤的时候，就吃点甜的,7.8,13,0,50784
生活在重庆,0,0,0,134
往事从未走远,0,0,0,2543
猫的眼睛和它的爪子,0,0,0,65
乡思大理,0,0,0,953
闲庭絮语,0,0,0,101
不见蓝，不想念。,0,0,0,57
清愁录,0,0,0.99,428
黑暗中漫舞,0,0,0,11
今日份的喜欢,0,0,0,512
夜游杂文,0,0,0,12
人间档案,0,0,0,7
四季花开,0,0,0,137
非铁,0,0,0,28
一病馆,0,0,0,15
此间少年,0,0,0,1443
岁时集,0,0,0,929
与安然度过的3年光阴,0,0,0,2
栖居城市的魂灵,0,0,2.99,631
昙花一现只为韦陀,0,0,0,34
兔儿尾,0,0,0,9
放我一人，孤独自由,0,0,0,85
四季花开,0,0,0,137
非铁,0,0,0,28
一病馆,0,0,0,15
此间少年,0,0,0,1443
读三十首诗,0,0,0,27
漫谈文艺,0,0,0,218
26岁人生·男,0,0,0,40
修行,0,0,0,103
读经典武侠 悟快乐人生,0,0,0,208
物事,0,0,0,1392
共生关系,0,0,0,102
《年少情怀总是诗》,0,0,0,68
黑暗中漫舞,0,0,0,11
生活在重庆,0,0,0,134
往事从未走远,0,0,0,2543
猫的眼睛和它的爪子,0,0,0,65
一个在悉尼的中国人,0,0,0,505
未青,0,0,0,323
杂烩,0,0,0,1836
乡思大理,0,0,0,953
闲庭絮语,0,0,0,101
不见蓝，不想念。,0,0,0,57
浅记流年 漫记,0,0,0,22
西兰花很好吃,0,0,0,94
旅南路,0,0,0,60
今日份的喜欢,0,0,0,512
花犯,0,0,0,55
寻滋觅味,0,0,1.99,1046
云雾里的视野心畴,0,0,4.99,48
一尘风月外,0,0,0,38
一页上海,0,0,0,37
记忆之书,0,0,0,1058
故乡风物,0,0,0,637
尘埃写作,0,0,0,608
我的前小半生,0,0,0,46
恰此锦美华年,0,0,0,627
城市行者传说,0,0,0,59
我和我的小妖们,0,0,0,224
如何成为人上人,0,0,0,20
松辽小草----康杰中学许振奎纪念文集,0,0,0,204
君不见,0,0,0,269
我的前小半生,0,0,0,46
恰此锦美华年,0,0,0,627
城市行者传说,0,0,0,59
我和我的小妖们,0,0,0,224
如何成为人上人,0,0,0,20
松辽小草----康杰中学许振奎纪念文集,0,0,0,204
捻半手,0,0,0,389
君不见,0,0,0,269
流年，为谁彳亍,0,0,0,66
我要生命，也要生活,0,0,0,137
现在的我,0,0,0,14
那些文人们,0,0,0,14
我住在刘庄——记我的乡居生活,0,0,0,370
闲语杂谈,0,0,0,15
在旧金山的第一年,0,0,0,55
与你一起不负春光,0,0,0,90
间隔之年,0,0,0,59
兰香九州,0,0,0,35
无用的新西兰时光,0,0,0,43
墓碑里的平昔,0,0,0,26
凡人的风花雪月,0,0,0,41
把你百无聊赖的黑夜交给我,0,0,0,6
眼睛想抚摸（姜广平散文选）,0,0,0,88
灌木丛闲话,0,0,0,63
突然想写东西,0,0,0,21
想当诗人的时候,0,0,0,20
似是故人来,0,0,0,28
当我们谈论音乐时我们在谈论什么,0,0,0,142
如何成为人上人,0,0,0,20
毁灭式治愈,0,0,0,24
《一本奇书》,0,0,0,2181
我和我的小妖们,0,0,0,224
日常,0,0,0,9
笔端游离,0,0,0,130
草木集,0,0,0,398
今年有十九,0,0,0,125
传世佳作——一个母亲的自愈疗法,0,0,0,187
无风无雨也无晴,0,0,0,61
大学荒原,0,0,0,76
时光微尘,0,0,0,30
蘇城憶,0,0,0,100
五毛集,0,0,0,56
城市笔记,0,0,0,149
90后的单身心里,0,0,0,32
丧而欢歌,0,0,0,6
安徒生故事改编,0,0,0,189
胖少女日记,0,0,0,126
历史，在时光中深邃,0,0,0,10
突然想写东西,0,0,0,21
繁星点点,0,0,0,41
素心,0,0,0,27
巴黎小情歌,0,0,0,80
似是故人来,0,0,0,28
当我们谈论音乐时我们在谈论什么,0,0,0,142
母亲的小米南瓜粥,0,0,0,418
20年后的检讨,0,0,0,28
毁灭式治愈,0,0,0,24
想当诗人的时候,0,0,0,20
《一本奇书》,0,0,0,2181
古诗观止,0,0,0,11
突然想写东西,0,0,0,21
素心,0,0,0,27
想当诗人的时候,0,0,0,20
似是故人来,0,0,0,28
当我们谈论音乐时我们在谈论什么,0,0,0,142
20年后的检讨,0,0,0,28
毁灭式治愈,0,0,0,24
巴黎小情歌,0,0,0,80
《一本奇书》,0,0,0,2181
家，是石家庄的家,0,0,0,103
茶话,0,0,0,809
有梦为马,0,0,0,188
那些年，我们一起走过的日子,0,0,0,869
一半矫情，一半做作,0,0,0,4888
烟雨江南,0,0,0,123
第一千次远走高飞,0,0,1.99,262
我们写给朋友的信,0,0,0,62
闲音散律 之二,0,0,0,801
企图,0,0,0,20
黑蛋儿的童年,0,0,0,1711
爱与痛,0,0,1.99,337
寻找爱读书的你,0,0,0,56
i2020,0,0,0,86
孤独择日而止,0,0,0,235
独行,0,0,0,24
中西部生存指南——知识青年美国下乡记,0,0,0,2507
官场杀手,0,0,0,534
败者书,0,0,0,185
心情在生活中荡心琴，情感在思想里悟情性。,0,0,0,31
留英之记,0,0,0,18
海棠集,0,0,0,142
虚无之无,0,0,0,231
今天,0,0,0,3
做个有福气的人,0,0,0,97
碎叶,0,0,0,75
晚安故事,0,0,0,31
每日谈,0,0,0,75
短诗与随笔,0,0,0,102
20岁为止,0,0,0,346
小巷笔记,0,0,0,70
我说我见,0,0,0,116
人间烟火,0,0,0,8
非虚构音乐,0,0,0,92
败者书,0,0,0,185
逆流成河,0,0,0,321
一世繁花 开至荼蘼,0,0,0,8
心情在生活中荡心琴，情感在思想里悟情性。,0,0,0,31
格物流年,0,0,0,35
红水河畔,0,0,0,29
闲来无趣话西窗,0,0,0,14
虾吃,0,0,0,110
闲人闲事,0,0,0,25
二十有余忆过往,0,0,0,40
四季深圳,0,0,0,1407
好吃的故事,0,0,0,493
南岔往事,0,0,0,31
原来我也曾经走到过那么远,0,0,0,57
微光世界慢悠游,0,0,0,10
在胶片上流浪,0,0,0,804
五官之哀,0,0,0,1789
我在这城市的幸福感,0,0,0,5183
温柔中的硬度,7.2,13,1.99,2228
瓜鱼和他的二三事,0,0,0,15
写给童年的小情书,7.8,17,0,170729
故乡谣,6.6,100,1.99,8456
吃话家常,0,0,0,235
堂堂十记,0,0,0,328
方陈小札,0,0,0,535
时光机与浓烟客,0,0,0,981
醉酒的少年,0,0,0,53
如是我闻,0,0,0,631
码字生涯录,0,0,0,149
热带鱼奇遇记,0,0,0,22
形而上者呓语,0,0,0,29
德国小城生活,0,0,0,99
愿海蓝时见鯨，梦醒时见你,0,0,0,104
二三堂,0,0,0,49
不过是生活,0,0,0,131
成长，是修行。,0,0,0,91
当我在这里,0,0,0,36
深海,0,0,0,30
而我要做世俗中可爱的人,0,0,0,149
裂缝,0,0,0,18
在胶片上流浪,0,0,0,804
今天我很有情绪,0,0,0,411
原来我也曾经走到过那么远,0,0,0,57
微光世界慢悠游,0,0,0,10
太阳底下的幸福,0,0,0,83
情梦难离缘却殇,0,0,0,1342
只怪太匆匆,0,0,0,27
五官之哀,0,0,0,1789
我在这城市的幸福感,0,0,0,5183
达达的日常生活,0,0,0,86
一个自由写作者的日记,0,0,0,404
温柔中的硬度,7.2,13,1.99,2228
瓜鱼和他的二三事,0,0,0,15
浅藏辄止,7.2,48,0,1265
写给童年的小情书,7.8,17,0,170729
故乡谣,6.6,100,1.99,8456
吃话家常,0,0,0,235
我的30岁,0,0,0,131
云上树,0,0,0,118
毛中回忆录,0,0,0,142
晚风集,0,0,0,3
丹河岸边杂记,0,0,0,10
我可能很调皮，那只是我不想老去,0,0,0,9
遇见,0,0,0,94
八卦之城,0,0,0,17
我三十岁了，却还像个孩子,0,0,0,33658
路过幸福,0,0,0,5
爬在时光机上看电影的蜗牛,0,0,0,73
见字如晤-致亲爱的你,0,0,0,106
至少要好好说再见,0,0,0,56
一个男人的秘密花园,0,0,0,157
重症病房谋杀案,7.8,12,1.99,742
梨花不肯负春风,0,0,0,3835
为了遇见你，我变成最好的自己,0,0,0,37
诗在远方,0,0,0,213
深情不过99天,0,0,0,43
在那莲花盛开的地方,7.8,92,1.99,8336
哀怒,0,0,1.99,164
小城无多事,0,0,0,1227
生活赠我蒙汗药,7.4,116,1.99,5694
延时,0,0,0,392
他，和她,0,0,0,32
愿海蓝时见鯨，梦醒时见你,8.2,22,0,60593
孤独,0,0,0,250
没文化研究,0,0,0,20267
小二拆书集,0,0,0,214
歌词，就是当代的诗词,0,0,0,1343
看见这个世界的美好,0,0,0,556
无边之城,0,0,0,20
异乡见闻录——杭州,0,0,0,49
生活是伟大的失眠,0,0,0,348
冶风,0,0,0,331
初笔记——用练习写作来消磨时光,0,0,0,2730
消极者的世界,0,0,0,146
三个单位,0,0,0,33
我接受所有死亡,0,0,0,123
旅顺物语,0,0,0,194
流浪日记,0,0,0,200
你走了那么久，一定很累吧,0,0,0,131
Isonomia,0,0,0,79
重症病房谋杀案,7.8,12,1.99,742
梨花不肯负春风,0,0,0,3835
没文化研究,0,0,0,20267
三个单位,0,0,0,33
愿海蓝时见鯨，梦醒时见你,8.2,22,0,60593
诗在远方,0,0,0,213
异乡见闻录——杭州,0,0,0,49
在那莲花盛开的地方,7.8,92,1.99,8336
哀怒,0,0,1.99,164
旅顺物语,0,0,0,194
我接受所有死亡,0,0,0,123
小城无多事,0,0,0,1227
Isonomia,0,0,0,79
生活赠我蒙汗药,7.4,116,1.99,5694
那年青春花正开,0,0,0,548
童话里的男孩女孩,0,0,0,61
不怎么样的25岁，谁都有过,0,0,0,6602
日记,0,0,0,40
三十岁以后才明白的事,0,0,0,373
坐在身边的那个陌生人,0,0,0,78
锦瑟集,0,0,0,7
爱不可说，一说就错,0,0,0,44
那年青春花正开,0,0,0,548
童话里的男孩女孩,0,0,0,61
不怎么样的25岁，谁都有过,0,0,0,6602
日记,0,0,0,40
三十岁以后才明白的事,0,0,0,373
坐在身边的那个陌生人,0,0,0,78
锦瑟集,0,0,0,7
爱不可说，一说就错,0,0,0,44
盲不了的性（番外）,0,0,0,28
生活回忆录,0,0,0,506
余生独行,0,0,0,5283
闲暇拾光,0,0,0,37
生活中的那点甜,0,0,0,27
看见深蓝,0,0,0,290
两年之后又是一条女汉子,7.8,90,1.99,6552
新婚别记,0,0,0,52
古风与诗歌,0,0,0,457
我的奇异果男人,0,0,0,483
提笔高时光写份情书,0,0,0,26
燕风赵骨之石门卷,0,0,0,1325
nightmare,0,0,0,6
请用一枝玫瑰纪念我,0,0,0,28
也许，我是原乡的逆子,0,0,0,3573
藏在心里的红玫瑰，越盛开，越邪恶,0,0,0,15
野草居的那几年,0,0,0,44
远去的山村,0,0,0,488
男人迟暮,0,0,0,18740
一寸光阴,0,0,0,84
自然生长,0,0,0,25
就像看樱桃小丸子的你不懂看蜡笔小新的我,0,0,0,50
谬论的生成,0,0,0,2754
鲈鱼尺素,0,0,0,507
TinaBai旅行手记,0,0,0,465
把我的生活分给你一半,0,0,0,129
卸载日记,0,0,0,232
这世界，总有人偷偷爱着你,0,0,0,173
Museum and the City,0,0,0,41
冷风过境，到天明,0,0,0,291
有心就有路:凡是打不倒你的必使你更强壮,0,0,0,84
拈花随笔,0,0,0,498
迷宫,0,0,0,7
去处,0,0,0,22
小裁缝杀恶龙救公主的烂俗故事新编,0,0,0,166
山有木兮木有枝,0,0,0,415
新牛时·琐事集,0,0,0,9
印心记忆,0,0,0,77
她或/和他,0,0,0,6
生命之旅,0,0,0,1236
行走在人间的日子,0,0,0,9
陈词烂调,0,0,0,59
一千次见面 I SEE YOU A THOUSAND TIMES,0,0,0,123
爱新觉罗·阿宋,0,0,0,34
无病呻吟的碎碎念,0,0,0,40
回归文本．悦读鲁迅,0,0,0,128
十二天的荷兰交换生,0,0,0,25
年轻的迷雾,0,0,0,35
妄色短篇集,0,0,0,64
人生苦旅,0,0,0,20
一块鸡肋,0,0,0,64
那些人和那些事,0,0,0,98
八月芳华,0,0,0,22
遇见你的时候所有星星都落到我头上,0,0,0,35
新牛时·琐事集,0,0,0,9
心的归途,0,0,0,45
君自故乡来,0,0,0,1404
印心记忆,0,0,0,77
瑜伽教练养成记,0,0,0,371
生命之旅,0,0,0,1236
有一首诗与词，曾波澜过你我的世界,0,0,0,62
小矫怡情,0,0,0,34
苏北记,0,0,0,30
荒废,0,0,0,52
我的校园日记本,0,0,0,49
雪花无声,0,0,0,31
菜叔的小生活,0,0,0,44
老梁轶事,0,0,0,15
命运的威胁,0,0,0,127
萌小南瓜的世界,0,0,0,476
小黑鲸的世界（杂文）,0,0,0,84
超级随意的散文,0,0,0,109
遗忘的旧时光,0,0,0,162
一百件成就指南,0,0,0,36
子非鱼,0,0,0,64
喜欢你的这么多年,0,0,0,107
snow，sorrow,0,0,0,11
咪呜记,0,0,0,83
无业游民的碎碎念,0,0,0,60
永结无情游,0,0,0,10
寂寞当年箫鼓,0,0,0,177
江湖儿女初见情,0,0,0,13
时光切片,0,0,0,9
小矫怡情,0,0,0,34
稳稳的幸福,0,0,0,8
荒废,0,0,0,52
心的归途,0,0,0,45
我和苦菜君的十三年,0,0,0,14
君自故乡来,0,0,0,1404
青春就像一位堕落的诗人,0,0,0,71
瑜伽教练养成记,0,0,0,371
写作间,0,0,0,39
有一首诗与词，曾波澜过你我的世界,0,0,0,62
我想用脚步，丈量这天地,0,0,0,72
旧路狂想曲,0,0,0,35
春风十里终归浙里,0,0,0,293
家园笔记,0,0,0,13
苏北记,0,0,0,30
心的归途,0,0,0,45
君自故乡来,0,0,0,1404
瑜伽教练养成记,0,0,0,371
有一首诗与词，曾波澜过你我的世界,0,0,0,62
写给M先生的100封情书,0,0,0,73
苏北记,0,0,0,30
春风十里终归浙里,0,0,0,293
往事不随风,0,0,0,64
塞墨斯公主的地球生活,0,0,0,66
海深时见鲸,0,0,0,167
穆尔提丙,0,0,0,36
你好 米二,0,0,0,46
影子生活,0,0,0,276
西外札记,0,0,0,50
Penny的人生旅行日记,0,0,0,46
人生啊不过是生活工作，工作生活。,0,0,0,21
都市寻亭记,0,0,0,339
孤独的人有他们自己的泥沼,0,0,0,158
叶叶心心,0,0,0,201
边走边唱,0,0,0,296
我还不知你叫什么名字,0,0,0,408
东篱旧爱,0,0,0,170
记湘西支教行,0,0,0,163
长歌不散,0,0,0,968
心海勾陈,0,0,0,66
至时光,0,0,0,14
酒边花下,0,0,0,317
亲爱的故人,0,0,0,133
哈布斯堡那些事,0,0,0,80
回声,0,0,0,71
人生啊不过是生活工作，工作生活。,0,0,0,21
花园、小窗和清风,0,0,0,40
鱘鰣光,0,0,0,5
记湘西支教行,0,0,0,163
二三信,0,0,0,64
穆尔提丙,0,0,0,36
人间小故事,0,0,0,45
自有夜覆我以星被——八年地质生活小记,0,0,0,369
网络生活,0,0,0,8
陈三两的故事集,0,0,0,35
盖文请我喝了一杯香芋奶茶,0,0,0,5
用一生，抵达一次山盟,0,0,0,16
生活哲学,0,0,0,28
30岁，一切刚刚开始,0,0,0,289
学生时代,0,0,0,37
X-SOUL,0,0,0,17
致我们不二的青春——此去一别，来日方长,0,0,0,25
0.20,48830830028333827026021725465
筑波岭下，川落成渊,9.2,20,0,19670
山脚蓝房子,0,0,0,1421
往事不随风,0,0,0,64
写给M先生的100封情书,0,0,0,73
恼人的婚恋,0,0,0,35
一张创可贴,0,0,0,10
失眠随笔,0,0,0,925
热炕,7.8,17,1.99,2299
0.20,48830830028333827026021725465
行走和言语,0,0,0,521
没有人给我写信,0,0,0,866
岁寒不知年,0,0,0,79
莫迪的日子,0,0,0,121
墨轩自解,0,0,0,15
文选,0,0,0,126
号有趣,0,0,0,32
山脚蓝房子,0,0,0,1421
依依不舍,0,0,0,33
我那会儿,9.4,115,0,167955
故世已去,0,0,0,138
那被遗忘的时光,0,0,0,3906
筑波岭下，川落成渊,9.2,20,0,19670
眠鱼,0,0,0,1034
学会微笑面对人生,0,0,0,77
诗集·逸轩楼,0,0,0,63
豆瓣交友,0,0,0,45
孩子，我想和你虚度光阴,0,0,0,31
诗乡寻梦,0,0,0,53
爱的杂货铺,0,0,0,20
他她们,0,0,0,195
欲与虚,0,0,0,500
在向死而生的路上,0,0,0,27
光亮无声，步履不停,0,0,0,27
电影情书,0,0,0,15451
万能青年养成计划,0,0,0,75
斜杠青年,0,0,0,244
悉尼日记,0,0,0,246
左歪叨叨,0,0,0,7
归来少年,0,0,0,212
比宇宙更遥远,0,0,0,250
我的小庄庄,0,0,0,17
沉香红教你学写作,0,0,0,32
孤独与爱同在,0,0,0,312
不要把红领巾系太紧,0,0,0,58
归来少年,0,0,0,212
比宇宙更遥远,0,0,0,250
我的小庄庄,0,0,0,17
沉香红教你学写作,0,0,0,32
孤独与爱同在,0,0,0,312
不要把红领巾系太紧,0,0,0,58
这不是一本小黄书,0,0,0,2750
松绑：抑郁的颜色,0,0,0,110
一口井 ——多瑙之旅,0,0,0,1326
听逢乙胡说八道,0,0,0,16
让你的美好自成气象,0,0,0,688
背叛青春,0,0,1.99,765
给女儿书,0,0,0,268
今天你坐地铁么,0,0,0,67
《故乡与亲人》,0,0,0,614
病隙寥记,7.0,11,1.99,873
你本不该平凡,0,0,0,117
以你为界,0,0,0,43
知晓夜谭,0,0,0,40
当微风荡漾时,0,0,0,425
雪山下的炊烟,0,0,0,1596
草木自成岁,0,0,0,1283
新西兰求职记,0,0,0,243
云端随笔,0,0,0,82
南半球的天空,0,0,0,316
我知道你会来,0,0,0,201
自己的园地,0,0,0,26
集叶,0,0,0,12
消愁,0,0,0,109
桃红梨白，微风不燥,0,0,0,16
厕所读物第一期,0,0,0,21
无话可说,0,0,0,42
寄生波,0,0,0,142
去日留声 Ⅱ,0,0,0,23
梦里花落知多少,0,0,0,595
我的世界，你最特别,0,0,0,11
奔三的你,0,0,0,215
山中旧事,0,0,0,31
小镇记事,0,0,0,82
杂文,0,0,0,159
长篇纪实文学 古卫东的瓦尔登,0,0,0,396
走向荒凉,0,0,0,199
巴黎小众博物馆里的人生课,0,0,0,122
今天我连诗都懒得写给你,0,0,0,66
闲步集,0,0,0,240
家有喜事,0,0,0,38
今生，为你写诗,0,0,0,606
三十左右,0,0,0,54
行走在爱的旅程中,0,0,0,509
是谁杀死了花季妇女曹爱丽,0,0,0,38
今天我连诗都懒得写给你,0,0,0,66
镜面世界,0,0,0,18
点点星光,0,0,0,9
做一个充满诗意的母亲,0,0,0,72
去日留声 Ⅱ,0,0,0,23
往日的林林总总,0,0,0,38
天方叶谭,0,0,0,99
突然好想你,0,0,0,152
Psyber X.,0,0,0,6
一个拧巴的悲伤者之自白 和诗,0,0,0,858
文化之颂，走向风雅,0,0,0,5
行走的星星,0,0,0,1089
今天你坐地铁么,0,0,0,67
蹒跚记,0,0,0,476
半个人的遐想,0,0,0,98
你是我冒险的梦,0,0,0,354
知晓夜谭,0,0,0,40
奔三的你,0,0,0,215
现代情诗诗集,0,0,0,4088
松绑：抑郁的颜色,0,0,0,110
秃发候群症的文艺书单,0,0,0,39
寄生波,0,0,0,142
以你为界,0,0,0,43
往日的林林总总,0,0,0,38
天方叶谭,0,0,0,99
Psyber X.,0,0,0,6
凛冬将至,0,0,0,3159
文化之颂，走向风雅,0,0,0,5
行走的星星,0,0,0,1089
半个人的遐想,0,0,0,98
我的男人住在平流层——梦的1001种可能,0,0,0,470
蹒跚记,0,0,0,476
如果记忆醒着,0,0,0,252
你是我冒险的梦,0,0,0,354
一叶,0,0,0,29
子非鱼，你非我,0,0,0,327
现代情诗诗集,0,0,0,4088
秃发候群症的文艺书单,0,0,0,39
突然好想你,0,0,0,152
刺猬小姐是只猫,0,0,0,95
往日的林林总总,0,0,0,38
天方叶谭,0,0,0,99
Psyber X.,0,0,0,6
文化之颂，走向风雅,0,0,0,5
行走的星星,0,0,0,1089
如果记忆醒着,0,0,0,252
蹒跚记,0,0,0,476
半个人的遐想,0,0,0,98
你是我冒险的梦,0,0,0,354
一叶,0,0,0,29
我的男人住在平流层——梦的1001种可能,0,0,0,470
现代情诗诗集,0,0,0,4088
秃发候群症的文艺书单,0,0,0,39
突然好想你,0,0,0,152
