无边光景一时新,0,0,0.00,814
岛峰手记,8.6,32,1.99,2308
失业之旅,8.2,240,1.99,17528
高棉的微笑：吴哥传奇,8.0,27,4.99,10288
一个地方，一世情长,7.2,12,0.99,1010
旅行故事,8.6,862,1.99,63792
纽约倒影,8.4,452,1.99,33801
久违的事：俄罗斯笔记,7.8,171,2.99,12624
所谓青春，浪费一年又何妨,9.2,614,2.99,103118
穿越大洋遇见你,8.8,214,3.99,99765
纽伦堡之旅,8.6,70,1.99,6350
漫行阿根廷,0,0,4.99,1654
一直走直到我遇见你,9.2,872,0,3316666
辰,8.4,36,1.99,1985
新藏行记,9.2,64,3.99,8930
因为这世界 我只来一次,0,0,1.99,2128
厄峰之旅,0,0,2.99,910
不逍遥的海岛,8.0,18,2.99,1505
治疗思乡病的偏方,8.2,34,0,5183
惹人思议（INCREDIBLE INDIA）,0,0,0.00,99
穿越七千公里的旅程,7.8,38,1.99,3480
伊斯坦布尔一年,8.6,52,4.99,19635
澳式翠恋客,0,0,0.99,774
未寄信,8.4,21,1.99,1198
信马游疆,0,0,1.99,989
左手伊朗，右手波斯,8.4,114,1.99,5716
墨脱（下部）,8.6,7.0,76,177,1.99,4490
火烈鸟与火烧云,7.8,25,4.99,3784
探险家要的是世界的心脏,0,0,1.99,1091
失业之旅,8.2,8.0,167,293,1.99,15154
去世界的尽头思考人生,7.0,65,0.99,6576
凝望中东,9.0,61,4.99,7961
咖啡杯里的金阁寺,8.8,392,1.99,29045
老司机的旅德笔记,0,0,0.99,0.99,1407
佛罗伦萨十二天十一夜,6.2,62,0.99,3877
去澳洲，去流浪,8.2,114,0.99,7723
墨脱（上部）,7.8,7.0,105,177,1.99,13579
我的老公是意大利人,0,0,0,524
一生一次,7.4,23,8.60,5637
浮生轻迈,8.6,22,1.99,1718
他们的国，他们的民,0,0,0,3644
在美国逛博物馆,8.2,20,0,46454
奔向那一片微笑,8.2,35,0.99,2685
冰岛日记,8.2,134,1.99,10065
蓬尘录,0,0,0,1895
一个人的台湾环岛骑行记,8.8,30,1.99,4496
蜂房,8.0,21,1.99,852
漫步在应许之地,7.6,19,0.00,2479
佛寺石窟记,0,0,0,1420
西行纪,8.2,52,1.99,2293
印加人的遗迹,0,0,0,112
徒步外高加索,6.8,14,1.99,1014
奔向那一片阳光,0,0,1.99,2335
巴黎谈吃,0,0,0,15812
纽约，永不落幕,8.2,64,1.99,4851
浮光碎影意大利,8.8,120,1.99,21733
中东行纪续,7.2,11,1.99,218
奔向那一片沙漠,8.0,17,1.99,3398
从斯堪的纳维亚到巴伐利亚,0,0,0.00,2287
我家沙发借你睡,9.6,36,0,17553
在路口左转，看右边风景,0,0,2.99,1947
春之湿原,7.8,12,1.99,535
辞职去留学，去旅行，去野,9.6,47,0,56147
一位隐居大理的交易员,0,0,0,60
于娇娇的澳洲打工旅行,0,0,0,230
电影造城（辑一）,0,0,2.99,1030
吃饱了撑的,9.6,24,0,11034
失业了，去旅行：搭车•搭讪•搭伴（西藏篇）上,8.6,27,1.99,6087
寻味记,0,0,0,689
山野碎片集,8.2,13,1.99,1673
暹罗的温度（下）,8.4,19,1.99,1254
一个人的燕赵人文地理,7.2,15,1.99,2769
瑞士建筑回忆,7.4,324,0,13175
8.0,123,2.99,23880201732040519275604649074706475745784763
不可思议的印度,7.6,442,0,26750
写给欧洲的情书（下）,0,0,1.99,937
写给欧洲的情书（上）,7.6,29,1.99,3598
徒步去西藏,0,0,0,29171
国境以南：越南及其他,7.2,37,0,3788
日耳曼草木浮生,7.6,58,1.99,4626
不在东方，不在西方，只在伊斯兰,7.4,12,1.99,1022
远·见,7.6,17,2.99,3497
白天看庙晚上睡觉,9.2,60,0,41317
读城记,0,0,4.99,3565
日本著名餐厅纪行卷一,0,0,0,4272
微醉在安达卢西亚：转小城至乡间,7.4,16,0.99,1302
日耳曼草木浮生2,7.2,17,1.99,2261
营造无法式,7.8,26,1.99,1230
从“Me”到“We”的旅程,0,0,4.99,2090
挪威行记,9.0,56,1.99,8808
烟雨中,8.2,25,1.99,1966
路过你的城市（二）,0,0,1.99,303
旅行故事·再讲,8.6,64,1.99,5381
流淌在刀锋上的印度,8.0,157,1.99,8128
文字聊饥,7.8,20,1.99,3001
暹罗的温度（上）,7.2,35,1.99,2304
撒野非洲,0,0,3.99,1258
佛国之旅,0,0,0.99,834
两界·阳,8.4,24,1.99,2116
我把远方献给你,7.6,19,1.99,2383
独旅欧洲85天,0,0,0,1262
世界那么大，我带你看看,9.4,343,0,783875
美国，薄三郎都干啥了,7.0,11,2.99,1149
路人甲（精选）,0,0,1.99,174
西班牙文化地图,7.4,47,1.99,6152
日升孟加拉湾，日落阿拉伯海,8.6,55,1.99,7651
在美国开车,7.2,53,1.99,27549
步履不停·香港漂流杂记,7.2,26,2.99,4356
一期一会的日本之旅,8.8,58,0,3884
沸腾京都,9.0,34,0,27115
维以不永伤,7.8,14,0.99,1039
世界那么大，我不想去看了,7.4,14,1.99,2085
路过你的城市（三）,0,0,1.99,524
阿特拉斯的晚风：摩洛哥,0,0,0,19
1.99,1333941844841810202162136128115
从中目黑到代官山：东京品质,7.6,35,0,2082
途远，写给你的34张明信片,0,0,0,10
看得见的叙利亚,0,0,1.99,340
书店访记,0,0,0,6068
Istanbul，上城去,7.2,70,0.99,3333
32岁开始的间隔年,6.2,41,0.99,4557
跟着电影看京都,8.0,23,0,5976
亲吻有声,7.4,11,0.99,546
走，去看文化混搭的印度,0,0,2.99,1146
伦敦的四月天,0,0,1.99,1226
南亚行纪,7.6,17,0.99,697
在垂死之家,8.0,326,0,13684
越南：慢时光里的慢生活,7.6,16,1.99,2560
四顿早餐和一个POSE,0,0,1.99,851
爱尔兰Vision·奥地利UM·酒店军团,0,0,1.99,551
一念之间,8.2,51,1.99,3027
那一年，我曾在朝鲜,7.6,27,0,10681
海蛎子的味儿,7.6,36,0.99,1358
新西兰的故事,7.0,30,1.99,2265
墨尔本咖啡地图,8.0,29,0,39925
150天意大利沙发客流浪记,7.8,48,1.99,5837
从前车马邮件慢,8.0,30,1.99,1927
东京，文艺的盛宴,7.2,48,0.99,3778
与目的地的恋爱本纪,8.8,66,0.99,8521
罗马36：9,0,0,15.00,595
永恒不比片刻长,7.6,12,2.99,3030
那些城市那些人,7.4,11,0,10836
湾湾，我想对你说,0,0,2.99,1920
果阿，最后的嬉皮港,8.4,72,1.99,4284
艺术的朝圣路,0,0,0.99,1474
小轩窗,7.4,34,1.99,1256
天边心语,8.2,19,4.99,6461
日本行脚,7.6,41,1.99,10718
西班牙边走边画,0,0,1.99,1417
越泰柬，散落的时光碎片,8.2,195,0,31983
宅在路上，寻觅小而美之店,7.8,30,0,5204
8.4,19,1.99,307821102168628381286311360310325
此心安处是吾乡,0,0,0,64
英漂第五年,9.0,158,0,285364
英国摇滚寻路指南,7.6,19,0,19747
剑桥印象,7.8,79,0,5088
罗马的邻居,0,0,5.99,893
大秦岭遗稿,0,0,0,708
重返伦敦，它就和电影里一样,7.6,14,0.99,900
城市有味道,0,0,1.99,984
北欧观察笔记,8.4,28,0,29247
向着山麓的另一端,0,0,0,195
你们有钱人真会玩,0,0,0,1404
埃及旅行笔记,8.0,105,0,16070
南山陲,8.6,24,1.99,1737
我在英国做花园,0,0,0,383
旅人故事,7.4,18,0,11814
东瀛散记,8.0,26,0,34491
大道·狭斜,7.8,17,1.99,679
久违的事,7.4,18,1.99,1307
欧洲——曲终人未散,0,0,0,989
他们，为什么旅行？,0,0,1.99,1577
故乡与远方,0,0,0,13042
好玩集,0,0,0,5237
欧游行记：从斯堪的纳维亚到巴伐利亚,0,0,0,747
失业了，去旅行：搭车•搭讪•搭伴（西藏篇）下,8.0,12,1.99,1783
免费的午餐和璀璨的厕所,8.0,34,0,61431
我愿葬身此地,8.4,39,1.99,2524
两界·阴,8.2,24,1.99,1289
新疆旅行采访日记,0,0,0,63
旅行可真野蛮——印度篇,0,0,0,54
穷小子的百万邮轮梦,7.6,19,4.99,4274
流浪日记补,0,0,1.99,185
外国的月亮比较圆吗？,0,0,0,749
手牵着手我俩，在这个罗马的五月早晨,0,0,0.99,291
燈百姿,8.2,24,1.99,723
去德语国家行走,0,0,0,4211
相逢知几时,0,0,1.99,134
遥远的回声,0,0,0,3
门阀与阶级,7.2,23,1.99,930
在美国,7.6,15,0,32701
西班牙：如是我闻,0,0,0,4724
浮游纪,0,0,0,270
我在日本的一年,0,0,0,256
去德语国家行走,7.4,13,1.99,2073
我在毛里求斯,0,0,0,4705
伽蓝记,8.2,43,0,131141
塞尔维亚的味道,0,0,0,261
地中海式气候天,8.2,72,2.99,12223
24 歲台灣女工程師環遊世界之旅,0,0,0,1354
潘帕斯没有你,0,0,0,7
古早味，台湾味,7.6,65,1.99,10537
在岛屿上漫游,0,0,1.99,770
尧耳旅行札记,0,0,0.99,567
走着，瞧,0,0,0.99,162
从北半球到南半球我都想了什么,7.2,13,0,18282
一个人的马可波罗,7.2,12,3.99,1377
霓虹圣经・900天留日生存手册,0,0,0,519
大话西游,0,0,0,8583
蝴蝶游记·第一辑,0,0,0.99,781
不为没意义的旅行出发,7.4,14,0,1362
我在伦敦学占星,0,0,0,2
治疗思乡病的偏方,8.2,14,0,15437
中南半岛行修,0,0,3.99,1092
东游记,4.8,24,1.99,1877
素手拈花,0,0,0,1969
中环以外的香港,7.6,43,0,19277
带一本书去西伯利亚,7.4,14,3.99,5418
这么多个太阳,0,0,2.99,907
诗意地栖居,0,0,0,14815
那些旅行中的回忆,0,0,0,426
我的目的地在铁路上,0,0,1.99,476
踏上美国西部,7.4,49,0,5041
我个人的蒙大拿,7.2,28,0,1214
北美徒步记,7.2,20,1.99,3207
布时光,8.4,21,3.99,1450
我们终将在路上相遇,7.2,15,0,23766
9.0,38,2.99,8029645262581698136013501341122513271219
雕虫·雕龙,7.6,14,1.99,430
走走走,0,0,1.99,460
我人生中最奇妙的旅行,7.6,101,0.99,6445
看不见的旅行,0,0,1.99,276
香港揾食记,9.2,50,0,39874
埃及行记,7.4,22,0,4894
电影造城（辑二）,0,0,2.99,573
昨夜风月清，梦到西湖上,0,0,0,13400
庙堂之高,7.0,20,1.99,860
就这样陪着你慢慢长大,0,0,0,913
我和新西兰有个约会,7.8,28,0,44608
城市印象,0,0,0.99,808
做梦吧，管他呢,0,0,0,27
我和全小狗的拼图式旅行,7.6,50,1.99,5160
暴走世界·下,0,0,1.99,28
一个60后的真实人生,7.6,12,0,37392
在意大利研读美食的一年,0,0,0,80
黄金三角游吟诗 1,0,0,2.99,642
猫国猫城,0,0,0,61789
加拿大移民录,0,0,0,75
赴宴:重访巴黎文艺圣地,0,0,0,13698
穷钓帕劳,0,0,9.80,448
三天两夜,8.6,106,1.99,5183
工作太苦逼，去旅行吧,6.8,25,2.99,2427
从萨德街到萨德街,0,0,0,926
游方僧,0,0,0,2810
青森乡野纪行,7.2,11,0.99,410
浙东唐诗之路上的古庙群,8.4,22,0,34593
孕妈手记一：挺着大肚去远方,0,0,0,4
四城记：在城市晃荡,6.8,17,0.99,1359
书剧员,0,0,0,627
卑尔根故事,0,0,0,2156
一口酥 little treats,0,0,0,4313
一场关于游记的写作实验,0,0,0,1750
老司机的十六年旅德笔记,0,0,0,6198
大理生活影像日志,7.0,18,0,20448
西藏，心的地方,0,0,0,210
西部往事,0,0,0,2337
小城游记,0,0,0,52
我的清迈,0,0,0,3056
跟着《美国国家地理》去旅行,0,0,0,1513
胶卷人像摄影,0,0,0,242
逃跑到南美,0,0,0,58944
流浪在美国,0,0,0,1525
我有故事，你有酒吗？,0,0,0,94
飞行者日记,0,0,0,232
博物称华,7.4,17,1.99,853
上帝之城,7.4,22,1.99,911
心在印度，没有急的必要,0,0,0,5917
大迁徙,0,0,0,422
旅见不鲜,0,0,0,1060
私语者,0,0,0,255
在5883弄,0,0,0,25
人生需要有一次愉快的澡堂回忆,0,0,0,12
英国留学日记：从威尔士到伦敦,0,0,0,48
卷里故事,0,0,0,5
离天堂最近的夏天,0,0,0,203
在路上，我喜欢这样的自己。,0,0,0,26
遇见,0,0,0,94
一个60后的真实人生【第三部】,0,0,0,9297
走走走走,0,0,0,76
重庆旅记,0,0,0,428
父亲的散文诗,0,0,0,702
美吖漫行记,0,0,0,77
最后一公里,0,0,0,22
失路之人,0,0,0,25191
远行,0,0,0,8221
朝圣，我的摩托之旅,7.8,12,0,297
国内旅行非正常指南,0,0,0,41763
东京的细节,0,0,0,1196
丹麦口袋书：不止是童话,0,0,0,172
离开上海100天,0,0,0,92
巴厘记事,0,0,0,164
风之国：丹麦三年,0,0,0,177
读走中国,0,0,0,1714
拾荒集,0,0,0,5430
那些年，我生活过的大理,7.4,25,0,7308
南格拉摩根郡的乡村生活,0,0,0,126
流落的北京,0,0,0,145
在莫斯科留学的日子,0,0,0,21253
0.99,1061872799281189154176131125175
夏虫语于冰,0,0,0,41
你要的，背包旅行,7.6,11,0,655
散漫行迹,0,0,0,25
纽约奇闻,0,0,0,1974
交换生手记,0,0,0,6913
Eureka,0,0,0,2369
巴黎斯坦冒险记,7.6,11,0,29252
房车教室,0,0,0,13
若是你在,0,0,0,119
我是小白不迷茫,0,0,0,35
大香港之小情小趣,0,0,0,11958
30岁以后的行走记录,0,0,0,655
在路上,0,0,0,6
谢谢你陪我看世界,0,0,0,13
小巷中的美食,0,0,0,16
从德意志到美利坚,0,0,0,147
白苹果树的烟花,7.8,13,0,4951
书影/旅行/在路上！,0,0,0,66
TinaBai旅行手记,0,0,0,465
看不见的西藏,0,0,0,83
梦想搭车客笔记,0,0,0,84
城市手记,0,0,0,109
一城一记,0,0,0,4942
Miss Young的旅途日记,0,0,0,23
我在埃文斯顿过日子,0,0,0,8624
藏地路上：穿越藏地生死线寻秘香巴拉,0,0,0,88
温柔的喀什葛尔,0,0,0,1522
旅人星球,0,0,0,734
大不列颠流浪记,0,0,0,36
走走看看,0,0,0,1197
醒来的每天,0,0,0,78
大陆彼端的那一年,0,0,0,4281
《冷冷的佛系游记》,0,0,0,6
把欧洲刻在生命线上,0,0,0,3047
王妈妈的旅行意见,0,0,0,1917
见闻录：印度的旅行,0,0,0,39
行行走走,0,0,0,39
在收集体验的路上,0,0,0,72
给我一个沙发，我能睡遍世界,0,0,0,7716
既沉默，又骚动,0,0,0.00,1653
相机和远方,7.8,13,0,56311
走一遍地狱，心才够得到天堂,0,0,0,170
游学欧罗巴,0,0,0,5498
南半球的悠哉时光,0,0,0,12
让我拥抱所有不期而遇,0,0,0,11682
墨尔，本不寂寞,0,0,0,6652
2.00,301234247233216211208212202208
7.8,15,6.99,139211801024929899861835868775795
小柯柯旅行：有关图书馆，火车和城堡的一切,0,0,0,61
与你小说,0,0,0,4079
既可以朝九晚五，又能够浪迹天涯,0,0,0,493
《草木人间——路书》,0,0,0,56
向南，一步，两步，三步,0,0,0,843
第二乡的死亡,0,0,0,42
去一个陌生的地方,0,0,0,7
落花人独立，微雨燕双飞,0,0,0,18
游记珠海,0,0,0,79
一人游,0,0,0,3854
北京奥临足球队日本行,0,0,0,4
旅行与晃荡,0,0,0,399
在场,0,0,0,403
暴走世界·上,0,0,1.99,203
只属于她的365个清迈,0,0,0,179
世界这个大染缸,7.4,15,0,44342
且行且走,0,0,0,1488
巴黎非浪漫史,0,0,0,44
City of Angels,6.8,13,0,6340
逆旅记游,7.2,13,2.99,642
风景之外,0,0,0,125
青春只一晌，不如去远方,0,0,0,58
334游记,0,0,0,18
大多数时间在哈瓦那,0,0,0,86
旅途中的人和事,0,0,0,36065
凤凰花落之随笔,0,0,0,78
我和我的波西米亚岁月,0,0,0,447
先民的敬畏,0,0,0,1098
白云苍狗,0,0,0,96
跑在我脑子里的文字想要把它踢出去,0,0,0,53
精明常旅客,0,0,0,3605
景点有八卦,0,0,0,55
3.33,53445137836228625437335290167
游离古村时光里,0,0,0,4
七月云南,0,0,1.99,785
6365公里,0,0,0,5437
单行线——逆行,0,0,0,105
泰国生活杂记,0,0,0,5136
云中漫步,0,0,0,29
在远方的山水间,0,0,0,338
天涯无尽，海角有时,0,0,0,9
塞舌尔喜欢晴天,0,0,0,299
流浪集,8.4,32,0,9980
游之阙如,0,0,0,1879
逍遥游,0,0,0,530
筑波岭下，川落成渊,9.2,20,0,19670
1.99,854779746263209252177191249192
7.4,12,8145688265166214498383282235240261
撒哈拉札记,0,0,0,3761
在欧洲游历,0,0,0,1077
漫游1987,0,0,0,68
心灵是生活之累,0,0,0,696
冬日漫记,0,0,0,154
有梦,0,0,0,107
品酒室故事，也用美食,0,0,0,518
北疆更北,0,0,0,259
意识旅行笔记,0,0,0,1610
漂洋记,0,0,0,948
环中国边境深度行,0,0,0,164
城市笔记,0,0,0,149
大城小事,0,0,0,74
小酒馆里的伦敦,0,0,0,33
219918891823389288213144129130162
乐城记,0,0,0,378
我所去过的城市,0,0,0,17
爱上一座城,0,0,0,22
蝉鸣在普罗旺斯,0,0,0,187
从欧洲结束的地方到亚洲的开端,0,0,1.99,350
手绘台湾旅行日和,8.4,60,0,55445
你好，台湾！ 再见，台湾！,0,0,0,479
撒哈拉以北，地中海以南,0,0,0,1780
隔世，以丽江之名,0,0,0,11225
7.8,16,1.99,4468369933833390321731793130309830563035
失联在亚平宁,0,0,0,64
绿城无事,0,0,0,2656
秘境,0,0,0,934
云深不知处,0,0,0,3064
小不列颠的故事,8.2,19,0,23959
0.99,346225247229185192544290245201
光线笔记,0,0,0,289
坐井,0,0,0,4942
陪伴是人生最美好的旅行,0,0,0,587
路易斯和安娜,0,0,0,13043
离日落1448公里,0,0,0,188
只想做让自己高兴的事,0,0,0,29
素履之往,0,0,0,28
我们和女儿共同成长,0,0,0,267
藏行纪,6.8,17,0.99,1794
今年二十了,0,0,0,103
五十二张明信片,0,0,0,1420
利雅得初体验,0,0,0,49
人间草木深,0,0,0,75
大白的江湖笔记,0,0,0,401
去追，趁我还有梦,0,0,0,331
美洲东西一万里,0,0,0,558
旅行札记,0,0,0,1385
我在玻利维亚,0,0,0,261
一部电影，爱上一座城市,0,0,0,22009
远在远方的风,0,0,0,2710
东京喫茶手帖,8.6,108,0,13996
世界于我大有不同,0,0,0,435
泽西海岸,7.8,11,0,11083
少年行,0,0,0,1153
间隔年之旅：大鹏悠悠行,7.6,32,0,6629
燕风赵骨之石门卷,0,0,0,1325
光亮无声，步履不停,0,0,0,27
乐途录,0,0,0,34
拉萨行人,0,0,1.99,553
猫的一天,0,0,0,36
拈花随笔,0,0,0,500
斯京慢时光,0,0,0,2423
走在路上的世界观,0,0,0,192
我在欧洲逛博物馆,0,0,0,3877
8.0,17,4.00,29572508206331071849189723212427398427
听说过没见过,0,0,0,2341
借我一年青春，让我换个活法,0,0,0,46
陕西行记,0,0,0,30
郑能量,0,0,0,247
边城行纪,0,0,0,2229
带着孩子去户外,0,0,0,23
够得到的远方,0,0,0,22
间隔年才不是阿司匹林,0,0,0,1110
沉默的旅途,0,0,1.99,794
天堂的原乡,0,0,0,177
街来之食,0,0,0,156
游春图,0,0,0,2265
亚欧非环游记,0,0,0,202
麦克船长去航海,0,0,0,129
我读,0,0,0,22
朝圣者的灵魂,0,0,0,553
远逝,0,0,0,549
一个人独自旅行。最全泰国攻略。,0,0,0,425
小大理,0,0,0,155
记湘西支教行,0,0,0,163
在旅行里，遇见昨日,0,0,0,104
医生·理发师·教师,0,0,0,181
我的人物访谈录,0,0,0,134
流光容易把人抛,0,0,0,98
生活美如斯,0,0,0,231
行人,0,0,0,714
你也去过那里吗？,0,0,0,3605
莫问天涯远,0,0,0,1744
青山之外,0,0,0,3057
那些年，我们一起去的地方,0,0,0,12572
微光世界慢悠游,0,0,0,10
让你的美好自成气象,0,0,0,688
关于世界的印象,0,0,0,1678
恋恋南风尘,0,0,0,3708
间隔年去西部,0,0,0,94
奇葩旅行者,7.6,18,0,37665
你需要随心所欲去漫游,0,0,0,1925
闲步东瀛之横滨,0,0,0,121
瓜鱼和他的二三事,0,0,0,15
死于纽约,0,0,0,83
酒边花下,0,0,0,317
只有导游才知道,0,0,0,2173
蒙古包跳岛：从这包到那包,0,0,0,1296
留点时间去旅行,0,0,0,199
人间世,0,0,0,55
跟团走四方,0,0,0,16
最长的旅途,0,0,0,48
蓁子的倫敦亂亂走,0,0,0,19
自有寂静欢喜,0,0,0,36
旅途行记,0,0,0,31
游,0,0,0,13
台北轻旅行,6.8,33,1.99,2710
逐水而居,0,0,0,5344
我的三分之一,0,0,0,12
终登泰山记,0,0,0,61
Michael的纵使相逢应不识,0,0,0,30
云游记,0,0,0,10
西南技术嬉皮,0,0,0,4
陌生人餐桌，一场穿梭在城市的旅行,0,0,0,392
在长沙,0,0,0,228
中东行纪,6.8,30,1.99,1276
孤星症候群,8.4,16,0,14888
一次肤浅的日本旅行,0,0,0,447
跟团走四方,0,0,0,27
我在斯里兰卡当岛民,0,0,0,1381
7.6,11,3.99,1015762723679679125683670669659
异乡见闻录——杭州,0,0,0,49
西非散记,0,0,0,1093
孩子旅行记,0,0,0,795
诗旅的行囊,0,0,0,345
西行漫记,0,0,0,936
牧洋人,0,0,0,17347
礼拜,0,0,0,258
旅行行不行,0,0,0,1760
灣灣的月亮,0,0,0,28
高跟鞋走地球,0,0,0,23
1.99,884791714711139144106145112142
西行浮世绘,0,0,0,664
偶遇的故事,0,0,0,5051
亲爱的，展信佳,0,0,0,48
4.99,261024402424169299147140225131142
旅途的边界,0,0,0,2629
致我游历四海的心,0,0,0,350
你好，埃及,0,0,0,228
生姜小姐,0,0,0,4349
旧路狂想曲,0,0,0,35
一个人的欧罗巴,7.2,18,0,46026
她旅行,0,0,0,6218
1049873787727572818472571
足球之上，梦想之间,0,0,0,1611
胡言乱语切莫较真,0,0,0,8
只有记忆不会变老,7.8,13,2.99,1676
欧亚大陆上的足迹,0,0,0,47
乌有乡,7.2,23,2.99,2255
九月夜晚的诗歌幻想,0,0,0,10
巨蟹少年岛屿日志,0,0,0,698
俗世国教堂,0,0,0,1233
游记,0,0,0,158
一个人在这星球闲逛,0,0,0,247
新西兰求职记,0,0,0,243
路上笔记,0,0,0,35
你若安好，便是晴天,0,0,0,206
光影笔记,0,0,0,336
早餐节,0,0,0,420
我骑行回家,0,0,0,8
浪在澳洲这一年,0,0,0,33
中土世界漂流记,7.4,33,0,4789
一个人的旅行,0,0,0,6
人在山中游,0,0,0,119
骑舞在荒野,0,0,0,22051
泡菜国猎奇记,7.6,19,0,8933
老眼看世,0,0,0,433
流浪日记,0,0,0,200
一口井 ——多瑙之旅,0,0,0,1326
不见不亲,0,0,0,61776
Gigiila行走系列,0,0,0,30
漂留美利坚,0,0,0,3098
我的旅途里有一段故事属于你,0,0,0,36159
温哥华精选100处必游景点,0,0,0,141
氤氲在心底的欧洲,0,0,0,2616
Good Girls Go to Heaven ,0,0,0,13302
诗和远方,0,0,0,9843
千里寻茶路,0,0,0,4353
东京的九种打开方式,9.2,25,0,4008
英格兰不定期记录,0,0,0,213
在世界流浪是最好的青春,0,0,0,165
悉尼日记,0,0,0,246
我的漂泊,0,0,0,222
3.99,2952242121521020520501928
东京穴场神游记,0,0,0,211
踏上它，就像拥入一个柔美的怀抱,0,0,0,3937
小樱的行走日记,0,0,0,88
本州之南，九州之北,8.2,228,0,20102
阿根廷的二三事,0,0,0,36
西安城南记事,0,0,0,128
你的世界我来过,0,0,0,855
我想用脚步，丈量这天地,0,0,0,72
亲爱的车轮,0,0,0,1933
触而可及,0,0,0,2406
在大学出行,0,0,0,31
幸福其实很简单,0,0,0,43
不向生活低头，那就碰破头的流浪记,0,0,0,2
用回忆写成给你的情书,0,0,0,5834
种子,0,0,0,82
闲来无趣话西窗,0,0,0,14
昆明街道,0,0,0,27
冬天去西班牙晒雨,0,0,0,5365
走向荒凉,0,0,0,199
四十不惑,0,0,0,2268
瑜伽教练养成记,0,0,0,371
在波斯国的风里听秘境的歌,0,0,0,41
钩形转弯咖啡馆,0,0,0,116
无论走过多少日子，有懂得，有花香便是幸福,0,0,0,49
国际游牧,0,0,0,19
大隐·中隐,7.8,21,1.99,669
旅行摄影那些事,0,0,0,111
96年巨蟹座女生独自环游世界ing,0,0,0,51
我在广州的每一个周末,0,0,0,1397
槐花开北国,0,0,0,34
美国游记,0,0,0,148
青岛建筑纪闻,7.2,16,0,676
一个人的朝圣路,0,0,0,621
一周奧克蘭只要3300 願意說走就走嗎?,0,0,0,1722
诗的出塞,0,0,0,1919
西班牙行旅,0,0,0,958
骑行，遇见未知的自己,0,0,0,1562
泰国旅行指南,8.0,21,0,12885
文人骚客与墨客,0,0,0,23
东行散记,0,0,0,52
穷游走遍世界,0,0,0,7618
堡，所以保民也,7.2,17,1.99,505
262822711955282110747111496127
飞跃格子间,0,0,0,2294
比利时漫游日记,0,0,0,1498
融入美利坚,0,0,0,268
温哥华沙拉,0,0,0,15
城市公园（植物园）微旅行（上海）,0,0,0,48
关于遗辉的一切,0,0,0,23
40440134189334038383337
路一直都在,0,0,0,30
向青海湖进发,0,0,0,776
2006蜀川十记（浮生一梦了无痕）,0,0,0,20
隔世，以丽江之名,0,0,4.99,1165
十二天的荷兰交换生,0,0,0,25
只身在新大陆漂移,0,0,0,1027
缅甸札记,0,0,0,774
咖啡猴的美食实验室,0,0,0,26
间隔之年,0,0,0,59
路过你的城市（一）,7.2,13,1.99,1320
徘徊于网络边缘,0,0,0,1
从刺桐港到泉州城,7.6,19,0,17440
行走在爱的旅程中,0,0,0,509
一脚踏进爪哇国,0,0,0,2957
时间狂想,0,0,0,72
