至少还有你,9.4,198,0,1554662
登仙道,8.6,1237,1.99,64640
同学会·朋友圈,7.0,671,1.99,52053
阿馍和他的“六十五”,7.2,221,1.99,12455
寻找白鸽,8.6,484,1.99,34852
黄鼠狼与鸡,7.8,245,1.98,1.98,6351
狗仔侦探,8.2,17,0,72503
时光如你,0,0,0,3398
如何快速成佛,0,0,0.00,1007
微覅之神,7.8,315,1.99,4708
营销大师,8.2,296,1.99,8287
自由日,8.4,913,1.99,57484
粮店一家,9.6,100,1.99,9561
另一半故事,6.8,183,0.00,5073
我的妹妹小莲,8.6,2158,1.99,109822
会囧,6.6,291,1.99,22983
圈套,6.2,259,1.99,6564
打你总在下雨天,8.4,1537,1.99,139523
杀人手滑,7.4,280,1.99,6257
黑色脑力波,8.4,103,1.99,8745
不忘初心,7.8,327,1.99,22412
文案万万岁,7.2,500,1.99,54455
词穷游戏美术部,7.8,82,1.99,4599
巫术,7.8,146,1.99,5758
市长王德彪,8.4,424,1.99,22373
马扎的武林时代,5.6,171,1.99,2381
时光好走不送,8.0,1124,1.99,65528
文明人,7.8,799,1.99,38367
我的爸爸是最强大脑,7.0,333,1.99,13377
杀手安妮,6.4,222,1.99,8502
抢红包者死,7.2,467,1.99,31795
会飞的博尔卜,7.0,145,1.99,2546
张扬之死,8.0,334,0.00,21008
一只被绑架的猫,7.2,236,1.99,6412
七天六夜,4.4,251,1.99,8668
杀妻指南,7.2,71,1.99,7596
爱情断舍离,6.2,263,1.99,10983
当我写小说时，我在扯什么犊子,0,0,0,1406
金城野事,7.6,248,1.99,25032
鸽子,0,0,1.99,210
求职在囧途,5.8,280,1.99,8558
峨眉回忆录,8.0,701,1.99,39381
兰州，兰州,5.6,212,1.99,3771
超人公社,0,0,1.99,604
女王号历险记,5.2,160,1.99,2574
成人不宜,0,0,1.99,924
四童院,7.0,194,1.99,5182
荒诞旅行社,6.4,173,1.99,4705
四锦缎,4.6,167,0.00,5525
顶楼马戏团,7.2,58,0,2664
驸马别跑,6.6,260,1.99,8284
废柴小说,4.8,189,1.99,5433
大笑的午后,8.2,452,1.99,24450
老年人自杀小队,6.4,35,1.99,685
鹦鹉,7.6,273,1.99,8414
演员的自我修养,6.0,269,1.99,5574
三重奏的三种结局,5.8,131,1.99,2003
迷绢记,7.2,418,1.99,37504
秃头小丑,5.2,145,1.99,1796
号啕大笑,6.4,394,1.99,22780
一些故事,0,0,0,103
遇见99.9%的直男,6.2,246,1.99,9241
北京涟漪,8.0,279,1.99,12506
啊？2.5次元,7.4,292,1.99,9494
我是喜剧演员,6.0,177,1.99,3988
长大了，还想看点童话,0,0,0,2525
新地主,7.8,12,0.99,990
我们终将回到妈妈的怀抱,8.4,481,1.99,19190
地球上最后的夜晚,0,0,0,5740
这个老师不太冷,6.2,227,1.99,4804
外卖大师,6.2,329,1.99,8061
寻找无双,6.2,157,1.99,4234
罗图巴、霸和他们的尾巴,0,0,1.99,192
金山金山,7.4,175,1.99,3456
五行缺心眼,3.8,241,1.99,4313
单口相声之杨家将前传,0,0,1.99,436
并不想要这种召唤术,5.6,192,1.99,3350
牛郎店与烘焙坊,6.0,112,1.99,9251
被嫌弃的幽默大师,6.8,270,1.99,9774
一名修车匠的学术之路,7.4,231,1.99,6136
可疑的房客,0,0,0,68
Lucky Dog,7.0,168,1.99,5778
相亲,5.8,296,1.99,10970
假如你是我女友,6.2,291,1.99,5825
小镇上的恐龙,7.4,191,1.99,4929
永别了海盗,5.0,162,1.99,1876
如何在菜市场邂逅一块漂亮的五花肉,6.8,271,1.99,9232
六个人,6.8,260,1.99,6151
坏孩子，老混蛋,8.0,409,1.99,37052
朝寐烟河幽故事集,0,0,1.99,434
保家仙传奇,7.6,14,0,2569
脑洞大开故事会,8.0,19,0,54384
彩蛋,7.4,204,1.99,5688
红,7.0,297,1.99,7507
北狩记（鹿部）,8.0,39,4.99,17428
去北京的路上,6.6,165,1.99,5094
忠贞的爱情,6.2,211,1.99,5209
绝世好男人,7.0,339,1.99,23420
异域五记,6.2,140,1.99,2465
所长,4.6,190,1.99,3101
宜家室,7.2,223,1.99,4773
经过你的城,6.8,291,1.99,10609
我和一只特立独行的猪（上）,0,0,2.99,1308
一个葬礼和四个婚礼,6.2,215,1.99,3395
颠侠自有颠缘,5.6,228,1.99,6914
帝都物语：西门庆与潘金莲,0,0,0,68
四代同堂,7.4,269,1.99,6310
落差,6.6,203,1.99,4888
杨柳暗,6.6,173,1.99,3629
从水饺麻辣烫拉面盖浇饭到满庭芳,7.8,1285,1.99,55788
狐狸照镜,0,0,0,10876
看了超开心的“小呜啦的小日记”,0,0,0,880
点石成金,6.4,157,1.99,2670
大学生奇葩创业录,0,0,0,281
俗人难当,4.6,162,1.99,3306
蝴蝶效应,6.2,218,1.99,3806
五星旅馆,5.6,233,1.99,3909
夏天、烟火、十八岁的游走鲸,7.4,199,1.99,3943
走进当当山,0,0,0,778
皇家大案,6.8,145,1.99,3855
杀死房东,7.8,60,1.99,7167
济南一夜,0,0,1.99,828
舸悠岛的下流青年,6.0,149,1.99,2723
蜗婚男女,6.0,208,1.99,7977
脱缰的大脑,0,0,0,258
至正枭雄传,7.0,159,1.99,3914
下辈子就做你的床单,0,0,0,5203
通往无人区,6.6,164,1.99,3465
非常怕冷的人,7.4,17,1.99,3077
杀手墩,0,0,0,1586
后宫也疯狂,5.0,226,1.99,4972
临时导游与她的怪旅客们,5.2,232,1.99,5196
一丘之貉,6.4,172,1.99,2837
锁龙井,0,0,0,2036
干掉博瑞,7.4,198,1.99,4541
真爱无价之机缘巧合,4.0,151,1.99,2155
四人转,7.8,234,1.99,6526
大漠孤烟直,6.2,184,1.99,4427
蛾窟惊魂记,0,0,0,299
现在进行时,6.4,535,1.99,24134
故事歪编,0,0,0,219
猛兽,5.4,146,1.99,2095
我们挥之不去的乡愁,6.8,181,1.99,4107
成人礼,4.8,237,1.99,5438
一点都不像话,0,0,0,116
鹿死谁手,6.0,194,1.99,3745
无房，婚否？,6.2,228,1.99,5209
家事乱奏曲,7.4,231,1.99,6218
和你一起,5.6,177,1.99,5012
一个处女座的情欲日记,0,0,0,172
菜刀侠,5.2,197,1.99,3150
东南西,7.0,189,1.99,4658
不虚此行,6.0,233,1.99,5578
谈谈情，舞舞狮,6.4,210,1.99,11490
伤心喜剧,7.4,58,0.00,14419
少年不惧岁月长,0,0,0,73
明月山庄,0,0,1.99,586
山海诸国考,0,0,0,92
大侠不靠谱,0,0,0,45
四公寓621室,0,0,0,134
圣堂黑帮,0,0,0,136
史蒂夫的奇遇,0,0,0,88
超人国,0,0,0,51
我们都有病,0,0,0,59
妈蛋，我们的灵魂互换了,0,0,0,473
就让你笑,0,0,0,35
地府漫游指南,0,0,0,18555
妖怪旅社·第一卷,0,0,0,46
新南郭先生传,0,0,2.99,1283
爱礼丝漫游奇遇记,4.6,172,1.99,1829
医豪,0,0,0,54
糟心恋爱,0,0,0,230
黑色旋律,0,0,0,562
杀死比尔顿,0,0,0,21
平行宇宙交换生,0,0,0,372
一介平民杀人记,0,0,0,28
屌丝变身美女记,0,0,0,7358
Thief in the dorm,0,0,0,9
五线爱情故事,6.2,171,0.00,3748
贾。宝玉,0,0,0,9298
2.00,9454459453276372643
般若世界,0,0,0,151
幽冥笑,0,0,0,16
老男孩的修炼人生,0,0,0,270
五百万青春,0,0,0,143
绑票,0,0,0,194
浮生逐欢,8.6,433,1.99,25161
写短篇的地方,0,0,0,49
飞吧，安洁娜！,0,0,0,161
冒牌情侣,0,0,0,85
荒唐颂,0,0,0,100
我不幸成为武二郎的日子,0,0,0,2782
故事空空,0,0,0,56
签言录,0,0,0,79
成不思议,0,0,0,2005
好汉饶命,0,0,0,285
梁山伯与朱丽叶,0,0,0,19
武林大会,0,0,0,152
变形记,0,0,1.99,143
《乌龙闹官场之官混》,0,0,0,842
稗野旧闻考,0,0,0,54
三年（6）班,0,0,0,504
过时的青涩演义,0,0,0,38
虚惊,0,0,0,87
永生之殇,0,0,0,45
观堂村纪事,0,0,0,40
Ti6·西恩刀塔风云录,0,0,0,49
灵猫物语,0,0,0,45
枫话连篇,0,0,0,100
江湖有我,0,0,0,129
行脚僧的起死回生术,0,0,0,11
猛男财经：成为亿万富翁的12堂课,0,0,0,48
《青菜粮油店》,0,0,0,326
玉帝记,4.4,215,1.99,2979
王一航的非典型生活,0,0,0,10
小圆圆与梦之世界,0,0,0,36
小瘸腿日记,0,0,0,26
得机和不得机与机,0,0,0,41
树上的星星,0,0,0,69
赵根大死亡事件簿,0,0,0,3716
混在北京这些年,0,0,0,157
风水师与侦探,0,0,0,842
字母莊,0,0,0,8
我是谁我为什么写了它,0,0,0,79
来吧，爱的搭档,0,0,0,4205
晚安，贝卡［Hi, Rebecca］,0,0,0,246
凌晨两点麦当劳的炸鸡翅,0,0,0,19
道白,0,0,0,10
大干包子铺,0,0,0,436
低俗小说,0,0,0,33
荒谬集,0,0,0,41
去洛阳,0,0,0,104
家与孝,0,0,0,299
猩红,0,0,0,23
何大光再正常不过的花季,7.2,203,1.99,4558
低俗小说,0,0,0,33
伍十的青春,0,0,0,274
有病吧你,0,0,0,14
绝望小镇,0,0,0,375
给你一瓶橘子味汽水,0,0,0,6
郝壮与李婷婷,0,0,0,619
绝地求生之二货队友,0,0,0,27
老肥和大嘴,0,0,0,421
西游之前,0,0,0,64
青春末年,0,0,0,1037
拔元越明,0,0,0,318
写作集中营,4.8,191,1.99,3325
杀人犯是撒旦,6.4,177,1.99,2395
有病吧你,0,0,0,14
我叫“苏竞轻”,0,0,0,8
绝望小镇,0,0,0,375
你好呀,0,0,0,264
绝地求生之二货队友,0,0,0,27
祝小羊和李吉的故事,0,0,0,4
用火箭少女打开后街女孩（非盈利型改编）,0,0,0,36
夏天就要有夏天的样子,0,0,0,43
视障,0,0,0,7
长老有难,0,0,0,43
城市失聪,0,0,0,26
清书短篇小说集,0,0,0,95
笑行江湖,0,0,0,19
与姝彤行,0,0,0,407
白驼山的那些往事,0,0,0,1832
肮脏之城,0,0,0,15
笨小姐日记,0,0,0,12
【武侠】我只是店小二,0,0,0,43
小丑•环记,0,0,0,977
碧海蓝天保全公司,7.4,14,0,817
阿慢的喜剧人生,0,0,0,119
疯狂的70后,0,0,0,292
和德国小鲜肉同居的日子,0,0,0,3543
