郭小年的年,9.0,104,4.99,33088
少年游,8.4,61,2.99,8564
人间,0,0,0.00,854
生瓜,7.8,35,5.99,12607
风火男孩,0,0,0,1774
再见恩格斯,9.2,368,1.99,21982
高三生活备忘录,0,0,0,145
蛾变,8.6,130,0.00,33201
少年，我爱你,8.4,19,0,10274
蝶幻,8.2,18,0.00,4155
勇闯天涯,8.8,348,0,33001
游戏机往事,0,0,0.00,665
青青陌上桑,0,0,0.00,2770
烟雨平生,7.4,14,0.00,1925
严肃的高跟鞋,9.4,17,0,69195
沙湾冠军,8.8,67,0.00,2741
岛上七个未解之谜,7.6,14,1.99,1614
交易的背后,0,0,0,63066
茉生,9.2,206,0.00,45235
家庭秘密,7.6,17,0.99,1702
九月火车,7.6,64,7.00,6251
我们都一样孤独无依,8.8,984,4.99,202744
零下四十七度,0,0,0,628
严肃的高跟鞋第二部,0,0,0,11988
冰,0,0,0,99
文艺青年自救手册,0,0,0,24
天涯海角,0,0,0,161
蜜糖爸爸Sugar Daddy,0,0,0,88
男友说我得了抑郁症,8.4,520,0,831226
总有迷路的胖子在阴影里虔诚地渴望明天,7.8,228,0.99,26751
把文艺青年统统打昏,0,0,0,17533
记林静华的日本高中生活,8.8,587,2.99,126024
世上唯一的花,8.0,222,0,15559
时光如你,0,0,0,3398
只想吸引你,0,0,0,132
生命中的一年,9.0,73,0.00,12281
故事里的事,9.2,309,0,66954
狗背上的童年,0,0,3.99,921
路过你的青春和远方,9.0,65,0.00,20737
天空之城,7.8,20,4.99,3817
我们踩着风,9.0,47,1.99,28757
古老的敌意,7.2,12,0.00,1148
风动草的年华,0,0,1.99,1392
失去,0,0,1.99,134
笼中男孩,7.2,114,0,10725
杯嵩剧院,0,0,4.99,1233
恰年少,9.4,45,0,390830
恰年少,9.4,23,4.99,10766
女子恋爱图鉴,8.0,110,1.99,20600
小卡亲启,9.2,18,0.99,0.99,5358
那些花儿,0,0,4.99,1363
那一年，因为ROCK,0,0,0,1155
四重奏,9.4,41,4.99,10629
白日梦想家,0,0,0.00,347
那段时光,0,0,0.00,1765
怪味豆,0,0,0.00,988
耶鲁爱情故事,9.0,303,0,637520
少年阿珵,8.8,64,4.99,18195
月见的岛屿,8.4,14,4.99,9932
天使可曾离开过,0,0,0,15
阴晴不定,0,0,0,40
第一学历,0,0,0,121
一个无所事事的男人,7.0,45,0.00,930
东山再起,7.8,17,0.00,841
李小风的后青春时代,0,0,0,101
寂静的声音,8.8,86,4.99,10792
青春的华衣——我们的孩子将穿着汉服长大,0,0,0,1121
胧月浮生,6.0,114,1.99,6487
生活小事,0,0,0,13
西花园,0,0,1.33,1.33,379
云胡不喜,7.2,31,1.99,4972
低空飞行,0,0,0,50
阿霞,7.8,66,4.99,26977
爱在珠穆拉玛,0,0,0,797
天蓝蓝,7.0,24,1.99,3149
事物的味道,0,0,0,2586
林兆寒,8.4,17,4.99,7970
生有余安,0,0,0,43
来自我心,0,0,0,9397
时雨,0,0,0,1371
二十四桥明月夜,0,0,1.99,673
青春，无须多言,8.4,273,0,55854
成长的隐痛,8.6,66,1.99,9406
执著一泪落成书,0,0,0,93
去年夏天和你在一起的女孩是谁,8.0,21,1.99,2588
恁时相见早留心,0,0,0,306
抑郁阳光,0,0,0,6671
一生一次,8.0,40,4.99,17030
文艺复兴时期的爱情,0,0,0,333
衰男絮语,9.2,66,4.99,9051
学子的江湖,6.8,15,0.00,1635
一个人是过客,7.8,90,0.00,29275
点击,0,0,0,29
异象拾零 镜像篇,0,0,0,97
千灵之心,0,0,0,837
垂死坚持,8.8,96,0,17141
不止是阉割,9.2,84,1.99,30584
憨豆先生的午餐时间,0,0,3.99,632
一部关于城市的幻想,0,0,0,49
少年往事,9.2,37,4.99,14832
阳光洒满梧桐树,0,0,0,1438
心灵重伤,8.2,32,0,44547
可爱的木头 — 85后成长记,9.6,58,0,340871
赵小姐的二十七次相亲,7.4,48,0,77436
蓝色边界,0,0,0,3320
二十有八,0,0,0.10,0.10,257
郭小年的年,9.6,26,0,39440
鱼找水 需时间,8.6,19,0,100492
故城,0,0,0,479
那时正少年,7.2,51,0,7830
理想,8.0,608,0,12112
岁月流水细含沙,0,0,0.00,124
来日方长,0,0,0,48
回首向来萧瑟处,0,0,0,78
堕落,8.0,326,0,13827
火烈鸟不语,8.0,14,0.99,423
抑郁症患者,7.4,22,0,3104
亲爱的比熊(我在等你爱上我),0,0,0,611
悉尼：无法兑现的爱,0,0,0,3980
我们,0,0,1.99,940
赵二狗的幸福生活,7.4,25,1.99,1148
沙与沫,7.6,31,0.00,1198
和抑郁症患者在一起,7.4,58,0.99,5868
晦涩艰深的舌吻练习,0,0,1.99,477
三秋的夏天,9.4,56,4.99,13503
骨头收藏家,7.8,67,1.99,2363
展翅高飞,0,0,4.99,2461
遗孀,0,0,0,18985
碧水尽处是晚煦,0,0,0,6
鹿角花园,8.6,35,1.99,3636
不完美公路之旅,7.2,12,4.99,669
来，坠落,7.8,23,0.00,3818
《他纽扣上的头发》,0,0,0,228
一只草履虫的实验室见闻录,0,0,0,3
夏日靡余,0,0,0,29
我盛放的年纪，谢谢你能来,8.2,132,1.99,11583
我和徐先生的十年友谊,0,0,0,10
阿兔,0,0,1.99,830
无题,0,0,0,16
失贞年代,7.4,12,1.99,1698
热天午夜,6.4,17,0.99,1114
逗号，句号,8.2,44,1.99,4756
白茶花,7.8,102,0,20005
马里奥,6.6,15,1.99,1163
未转头时是梦,0,0,4.99,1235
逃出离西镇,0,0,1.99,1016
就是如此,8.2,12,1.99,727
你是年少的欢喜,0,0,1.99,363
悄悄青葱恋,0,0,0,849
从地平线到心湖,0,0,0,65
重返象牙塔,0,0,0,12
通俗岁月,8.4,11,5.99,7000
毕业生,0,0,1.99,1249
春猫夏狗,0,0,1.99,1422
那一年,0,0,1.99,1032
深林见鹿,7.0,91,1.99,7569
玫瑰疾病,9.0,165,1.99,12616
他们不是虹城人,0,0,3.99,299
夏生·秋水,0,0,0,202
那年夏天的风,0,0,0,464
空城天欲晚,0,0,1.99,1457
虚荣,0,0,1.99,1157
好大一个女同学,8.2,27,1.99,4712
麻雀工厂,8.2,25,1.99,1711
男人们都在聊什么,7.8,92,1.99,7456
我和徐先生的十年友谊,0,0,0,9
夜莺,0,0,4.99,1881
少年阿亮自杀前夜的最后一封长信,0,0,2.99,924
魅力老王回忆录——哲理贾宝玉+幽默西门庆,0,0,0,5
辍学记,8.8,34,1.99,1478
象牙塔游戏,0,0,0,346
那些微妙的日子,0,0,0,4186
跑步到河堤上去,0,0,1.99,209
两可间,8.0,158,1.99,3762
惊蛰,7.6,29,1.99,1328
爱情理论家,0,0,1.99,487
女博士,8.2,116,1.99,6432
你是我掌心里的海,0,0,0,5054
失业以后，明天以前,6.8,23,1.99,1332
寻找失去的那一厢疯狂,8.4,93,4.99,10754
仓猝,7.8,41,0.99,2315
蓝莓山,6.8,37,0,3905
寻觅夜色的星空,7.6,16,0.00,1222
逃离,8.0,35,1.99,3069
亲吻少年时,0,0,0,117
我们，我们,8.4,53,1.99,4638
阿云.小雨,0,0,0,175
秋色,0,0,0,5468
石头记,8.2,13,3.99,2216
所有消失不见的云,0,0,0,1504
航行在极光森林,7.4,14,1.99,1545
茶杯里的鱼女孩,7.6,11,1.99,873
隔离寝室与放肆少女,7.2,51,1.99,11843
空城,0,0,2.99,1082
少年艾卢的幻想,0,0,0,9
长命锁,8.0,33,1.99,873
放逐时期的爱情,0,0,0,2293
肥皂,0,0,1.99,814
蛹,0,0,3.99,1740
少年与海,0,0,1.99,1821
少年路，不回头,7.4,28,0,9093
2020高中时代,0,0,1.99,1198
六盎司咖啡,8.6,17,2.99,3394
窒息,7.8,16,4.99,1206
结婚,7.6,13,1.99,2164
南方以南,7.4,17,3.99,1891
网吧爱情故事,7.6,30,0.99,2042
沸点酒吧的一星期,0,0,1.99,106
冷风吹乱少年头,8.4,28,1.99,1769
一年,7.2,17,2.99,1810
三色堇,5.8,56,0,23905
六月餐厅,0,0,0,266
热带植物,8.2,25,3.99,4160
余生无悲欢,0,0,1.99,702
在大纽约的小日子,0,0,0,563
搁浅的美好,7.8,13,0.00,1660
再见，我们的六年,9.2,331,0,1813165
临渊,0,0,0,50
一切皆有时,0,0,0.99,694
花枝乱放,0,0,0,7486
小甲总是一个人,6.4,129,0,2772
另一种青春,0,0,2.99,1029
医学院往事,0,0,0,2013
来者何人,0,0,1.99,108
明明如月,0,0,0,3
像风一样自由,0,0,1.99,31
装模作样,0,0,3.99,266
无非往事,7.8,55,0,52637
末等天使,7.2,32,1.99,2369
时雨,7.8,39,1.99,2542
北京仨月,7.0,12,0.99,1006
我们错过的年华,0,0,0,5
渝城非城,8.0,15,4.99,2924
你看得见天上的鲸鱼吗？,0,0,0,251
谢谢你路过我的青春,7.8,261,0,235637
少年已乘白鹤去,7.4,32,1.99,2236
无题,0,0,0,16
让我们爱着仓皇老去,0,0,1.99,899
那时花开,0,0,1.99,328
世界之巅,0,0,0,633
白驹之书,0,0,3.99,84
莫失莫忘,0,0,1.99,793
世界,0,0,0.99,356
平凡而可爱的少年时光,0,0,1.99,474
停电之间,7.6,26,2.99,2869
海岛,0,0,1.99,486
三角形的不思议定理,0,0,0.01,0.01,339
最后一片海市蜃楼,6.6,36,1.99,561
狗狗之死,0,0,1.99,291
战国三部曲,6.8,26,0.99,1572
没有爱,0,0,1.99,443
勒住全身,7.0,12,0.99,864
青春万重山,0,0,4.99,1785
七七小姐的快乐假期,6.8,17,1.99,630
灯塔女孩与流浪男孩,7.4,11,2.99,1769
故乡的原风景,0,0,1.99,326
只放烟花没意思,8.4,14,1.99,1856
叮当熊的自卫术,0,0,0,891
青春糖不甜,0,0,0,75
那些微不足道的食物和青春,9.0,268,1.99,25338
荆棘旅馆,0,0,1.99,225
竹子林的林子竹,6.8,16,1.99,1093
夏天过去了,0,0,1.99,1968
岁月间,0,0,1.99,465
江湖儿女,0,0,1.99,354
心生,0,0,1.99,636
大好头颅,0,0,2.99,1597
关于周莉莉的一切,0,0,1.99,287
他们都走远了,0,0,1.99,308
尘际,7.2,33,1.99,1428
窗帘,0,0,1.99,337
春泪,0,0,1.99,167
往日留书,7.0,189,1.99,5900
雏鸟,0,0,1.99,888
无名氏,0,0,2.99,401
天狗食日,0,0,1.99,595
对窗,0,0,4.99,746
预料之外,6.2,29,1.99,2304
小屁孩的初恋,0,0,1.99,973
四个我,7.8,117,2.99,14771
无处祭奠,7.6,13,1.99,490
距离,7.2,11,4.99,730
我的大学,0,0,4.99,2110
魔笼里的姑娘,0,0,1.99,640
我们在童年干什么,0,0,1.99,726
葬色青春,0,0,1.99,371
风信,0,0,0.99,257
柳毅传书·春闱篇,0,0,1.99,475
凉菜,0,0,1.99,7
一半海水，一半蓝,0,0,1.99,127
好汉,0,0,1.99,409
你去了城市的另一边,0,0,1.99,979
爱如捕风,7.6,11,1.99,959
他睡在夏天十七岁,0,0,1.99,187
我曾想陪你虚度时光,0,0,1.99,961
雨,0,0,0.99,597
别怕找回你的心愿！,0,0,1.99,73
小满难满,0,0,1.99,144
无巧不成书,0,0,1.99,1188
54路,0,0,1.99,71
抗战我们正青春,0,0,6.99,188
不是每个标榜着夏天的日子都是炎热的,7.6,18,1.99,649
伤逝,0,0,1.99,1634
我们的生活,0,0,2.99,371
无声的荒野,0,0,1.99,69
二八年华,0,0,2.99,628
小学六年级,7.8,11,0.99,1215
林二小姐,0,0,2.99,113
游泳池,0,0,3.99,148
我们能否相信爱情,0,0,1.99,157
小孩因此沉默了十年,0,0,1.99,1552
赵小姐的二十七次相亲,7.4,48,0,77443
怒放,0,0,1.99,398
如果中的孩子,0,0,0.99,242
有多少人曾爱慕你年轻时的容颜,0,0,1.99,846
莲花三少,0,0,1.99,700
再见，我们的六年,9.2,331,0,1813165
北京，请回答2005,0,0,4.99,5053
记忆,0,0,1.99,933
低空飞行,0,0,0,50
来日方长,0,0,0,48
夜遇,8.0,16,1.99,776
离亭燕,0,0,0,1627
明明如月,0,0,0,3
迷失凡尘,0,0,1.99,516
微风消失的夏季,6.6,13,1.99,1173
青春,0,0,1.99,150
重返象牙塔,0,0,0,12
自白,0,0,1.99,147
巫山小城,0,0,4.99,992
白驹过隙,7.2,43,1.99,3375
青春泛黄,7.6,231,0,32159
逃亡,8.2,22,2.99,2023
光阴的故事,7.4,12,1.99,734
少年米苏的26个字母,7.0,11,4.99,2136
优雅的慢四,0,0,1.99,95
文艺青年自救手册,0,0,0,24
荆轲，哪吒,0,0,1.99,1450
7.4,15,3.99,1126724697619595582531511453452
无处告别,7.2,16,0.99,1255
郭小年的年,9.6,26,0,39440
恍惚,0,0,1.99,159
风来过,0,0,1.99,73
鼠辈（外一篇）,0,0,1.99,730
罗马记,0,0,4.99,279
苏素,0,0,1.99,70
你觉得这是一个好的故事吗？,0,0,1.99,235
少年游,0,0,2.99,248
难寻的青年旅店,0,0,0,96
抛物线,0,0,1.99,215
迷航记,7.2,26,3.99,1937
飞扬少年时,0,0,1.99,52
天使可曾离开过,0,0,0,15
渤海湾日记,0,0,1.99,464
落满红蜻蜓的夏天,0,0,1.99,113
我的青河镇,8.0,14,0,2132
生活小事,0,0,0,13
我们错过的年华,0,0,0,5
水影日落,0,0,1.99,48
我和徐先生的十年友谊,0,0,0,9
香芝,8.0,25,2.99,5930
你看得见天上的鲸鱼吗？,0,0,0,251
我和徐先生的十年友谊,0,0,0,10
她的影子慢慢的变成了黑色的我,0,0,0,5
大鼻公的小屋,7.4,12,2.99,626
魅力老王回忆录——哲理贾宝玉+幽默西门庆,0,0,0,5
我要带你去一个地方,0,0,1.99,928
严肃的高跟鞋,9.4,17,0,69196
少年艾卢的幻想,0,0,0,9
秋刀鱼之恋,8.2,229,0.99,11592
它是圆的,0,0,1.99,650
花与少年,0,0,1.99,235
最后一个夜晚,6.0,79,1.99,4906
沸水中的青蛙,0,0,1.99,332
阴晴不定,0,0,0,40
海豚先生,0,0,2.99,1467
隙间白驹,8.0,12,2.99,2846
早安,7.2,12,1.99,1411
灰色年轮,0,0,1.99,49
嗨！你好，再见,0,0,1.99,237
西北桥,0,0,1.99,152
爱慕,0,0,1.99,156
北方以北,0,0,2.99,613
且去翻墙,0,0,1.99,285
赴世,0,0,1.99,340
青梅竹马,0,0,2.99,260
大鼻公的小屋,7.4,12,2.99,626
临渊,0,0,0,50
昨日之书——中短篇合集,0,0,0,601
秋刀鱼之恋,8.2,229,0.99,11592
那些年，童话里也有一个三国,0,0,1.99,14
旋转硬币,5.8,440,1.99,44953
犯罪回忆录,6.0,134,1.99,5886
雨来散,0,0,1.99,601
骑驴少年,0,0,1.99,99
白日烟花,0,0,4.99,890
粗糙的，敏感的，懦弱的,8.0,32,1.99,8071
孤独岁月,0,0,1.99,134
我想和你好好说再见,7.2,111,1.99,21855
薄荷蜜,0,0,0,6
预言,0,0,1.99,293
最后的青春,0,0,0,4165
光“灰”岁月,0,0,4.99,354
午夜睡美人,0,0,1.99,1153
清歌有修期,0,0,1.99,58
何秧何样,8.4,459,0,14112
一杯敬你，一杯敬远方,7.2,13,1.99,377
亲爱的小婷,0,0,2.99,861
少年时代,0,0,1.99,417
永恒的旋律,7.2,18,0,1935
雾上岛屿,0,0,0,5
酒鬼行侠记,0,0,0,16
星星嵌在海面上,0,0,0,23
无人知道的秘密,0,0,1.99,1127
红色时代,7.2,24,1.99,1670
麒麟下落不明,0,0,0.99,295
何须花烬繁,0,0,0,456
青城神隐,0,0,0,526
却道世事总弄人,7.2,30,1.99,437
天之岛-水与动物,7.2,16,0,1650
听她说,0,0,1.99,165
近日点,0,0,1.99,352
少年的歌,0,0,1.99,402
彼岸的爱,0,0,1.99,253
鸽子,0,0,1.99,545
戴草帽的男孩,0,0,1.99,988
橙皮,0,0,0.99,259
七迷,0,0,1.99,183
致将你遗忘在深处的我,0,0,0,14
傻瓜流水帐,0,0,0,1
寒假餐厅,0,0,1.99,115
十年,0,0,1.99,39
醉卧沙场君莫笑,0,0,1.99,325
昨晨犹晴,7.6,12,1.99,1187
云上寻光,0,0,1.99,850
黑白国,7.4,11,0,2352
闭眼少年,0,0,1.99,370
消失之前,0,0,1.99,110
月光被黑暗吃掉,0,0,1.99,1036
合欢镇的小樱桃,0,0,1.99,675
芜杂集,0,0,2.99,217
只是散步,0,0,0,61
等待（上篇）,0,0,1.99,401
Across The Universe,0,0,0.99,421
少年吉祥,0,0,2.99,637
明媚森林,0,0,0.99,969
最后我们选择以这样的方式结束陪伴,0,0,1.99,624
灯塔·K,0,0,0.50,107
青色时代,0,0,0.99,428
无根的野草,8.4,124,0,5688
夕柳河少年往事,0,0,0.99,233
青春斜阳,7.0,16,2.99,6601
年月荒唐,0,0,0,120
远方,0,0,1.99,515
梦游少年,0,0,1.99,251
痒3,0,0,0.99,486
青春的画卷,6.6,140,1.99,3493
私人的理想国,7.0,69,1.00,1.00,1330
蓝朋友·绿朋友,0,0,1.99,905
碧水尽处是晚煦,0,0,0,6
淼淼,0,0,0,3
烟与世纪末理想,0,0,1.99,741
遗孀,0,0,0,18985
纯真心灵,0,0,0.99,582
神童死亡回忆,7.6,12,1.99,620
猫的尾巴,0,0,1.99,233
傻时光,0,0,4.99,645
选择,0,0,1.99,409
致此生最明媚的花样年华,0,0,0,7
蜜糖爸爸Sugar Daddy,0,0,0,88
坐在石头上的女孩儿,0,0,1.99,234
JOKERS,0,0,0,7
像冰那样燃烧,0,0,2.99,713
我被迫相亲的理由,0,0,0,5594
青春·古意,0,0,1.99,418
桃红半开,0,0,1.99,176
慢慢喜欢你,0,0,0,138
美好时刻,7.4,11,3.99,1467
校傲江湖,0,0,1.99,539
我和老凯,8.0,35,0.99,2700
透明,0,0,1.99,456
恰同学少年,0,0,0,38
在北京的深海上,8.4,100,3.99,7413
猫人,0,0,1.99,215
卡卡西同人：追忆似梧年华,0,0,0,71
二十三岁的杀鱼故事,8.2,12,2.99,1423
等待（下篇）,0,0,1.99,317
像处男一样奔跑,7.2,16,1.99,1166
暗恋十余载,0,0,0,360
世纪末青春,0,0,5.99,1998
上海动物,0,0,4.99,387
头戴内裤的人,0,0,1.99,395
谎言,8.0,48,2.99,6235
病,0,0,1.99,34
追自行车的少年,0,0,1.99,170
天下没有不散的筵席,0,0,2.99,356
海岸线一英里,0,0,2.99,588
芮雪,0,0,1.99,1521
夜色,0,0,2.99,1709
消失的文学青年,0,0,1.99,156
最好的时光,7.4,13,3.99,2424
很久以前，很久以后,0,0,1.99,19
在沉默中灭亡,0,0,1.99,238
落雨记（中）：情迷南京,0,0,3.99,562
我是个年轻姑娘,7.4,14,1.99,2944
菁菁者莪,0,0,1.99,43
白月光,0,0,1.99,329
像南方一样蓝,0,0,2.99,735
少女夸父,0,0,1.99,38
像冰那样燃烧,0,0,2.99,713
自由落体,0,0,0,1261
在黎明复兴前,0,0,0,213
六盎司咖啡,0,0,0,221
孔雀河畔,0,0,0,9805
白藏应节,6.2,34,0,7295
青灯行,0,0,1.99,519
渭水生花,0,0,0,3
她城旧梦,0,0,0,1
如此生活三十年,0,0,0,11849
你若知情我便留意,0,0,0,535
给毕达梅戈的十三封信,0,0,1.99,223
花沟往事,8.0,17,0.99,848
淼灵湖,0,0,1.99,267
我、榨菜、八宝的幸福家事,0,0,2.99,1164
砥砺前行,0,0,0,1
第一学历,0,0,0,121
冷暖自知,7.6,49,0,13454
一路悲欢离歌,0,0,0,19
亲爱的比熊(我在等你爱上我),0,0,0,611
中学往事,0,0,0,76
一部关于城市的幻想,0,0,0,49
疯人客栈,0,0,2.99,170
看不见的风景,0,0,0,44
九曲,0,0,1.99,591
明镜石少年斗殴事件,0,0,1.99,746
2004：坏学生文集,7.2,21,1.99,246
分数至上主义,0,0,0,67
谜一样的人,0,0,1.99,370
陪你忘记我,8.0,47,5.99,26349
纸船,7.0,21,1.99,761
公元前我们太小，公元后我们太老,0,0,3.99,891
安静的回声,0,0,1.99,420
我在你身边丢了一块小石子,0,0,0,4095
最后一根稻草,7.6,103,0,5361
人猴之间,7.2,182,1.99,10294
再见了，姑娘,8.8,338,0,1088148
从饥饿年代里长出了一颗种子,0,0,3.99,963
山城恋歌,0,0,1.99,886
寂静,0,0,0.99,343
小的揭示,0,0,1.99,45
罪槐,0,0,0,1112
混混大旗,0,0,1.99,202
旅梦人,0,0,0.99,140
鱼找水 需时间,8.6,19,0,100492
雪人犹在,0,0,0.99,101
你途经我那9年,0,0,0,3
觅途,0,0,0,4
北京教室,0,0,0.99,356
未曾深爱已言别,0,0,1.99,386
陪你度过春夏秋冬,7.8,21,1.99,2373
那一年，因为ROCK,0,0,0,1155
浮生八月,0,0,1.99,1128
一个故事,7.4,22,4.99,252
毕业生乐队,0,0,0,144
关于郑州的记忆,6.0,71,1.99,5193
阿觉,7.6,36,0.99,1824
告别与被告别,0,0,0,3096
奇幻青春,0,0,1.99,138
年轻的拳头,0,0,0,3681
马路少年,0,0,0.99,268
纪念馆,0,0,1.99,114
中空地带的爱情,7.2,16,1.99,1145
乌托旅馆,0,0,0,1005
写给落叶的歌,0,0,0,68
浮生八月,0,0,1.99,1128
回不去的630,0,0,0,121
囚徒,0,0,0,15
左落年华,0,0,0,75
混沌的爱,0,0,0,15
和你在年少时,0,0,0,537
方圆,0,0,0,109
12111211,0,0,0,236
十年后，才知我早已爱你入骨,0,0,0,13
旅人杂记,0,0,0,161
世界上的确有那样的海,0,0,1.99,1164
黑色旋律,0,0,0,562
泽林皓月,0,0,1.99,362
麦子和她的朋友们,0,0,0,309
猫叫了一整天,0,0,0,306
阳阳,8.0,26,0,20520
相遇成迷,0,0,0,59
4.99,50262323243526292631
儒林,0,0,0,120
或是轻轻遗忘,0,0,0,390
每个人身边都有一个二狗,0,0,1.99,227
红莲,0,0,0,216
西安青年,0,0,0,242
少女心不灭,0,0,0,664
欢喜地,7.0,22,0,10805
逐晓,0,0,0,1287
追逐,0,0,0,116
初秋,0,0,0,3625
断肠草,0,0,0,177
麦子和她的朋友们,0,0,0,309
黑色旋律,0,0,0,562
断肠草,0,0,0,177
泽林皓月,0,0,1.99,362
少女心不灭,0,0,0,664
猫叫了一整天,0,0,0,306
相遇成迷,0,0,0,59
儒林,0,0,0,120
旅人杂记,0,0,0,161
雪原,0,0,0,17
千金（The Fairies）,0,0,0,12519
我个我个我一我个我个我个,0,0,0,145
初秋,0,0,0,3625
西安青年,0,0,0,242
青春始发站,0,0,0,155
恰如风,0,0,0,13
阳阳,8.0,26,0,20520
追逐,0,0,0,116
红莲,0,0,0,216
苹果的野兽先生,0,0,0,32
方圆,0,0,0,109
和你在年少时,0,0,0,537
天生两对,0,0,0,40
少年,0,0,0,52
明堂朝华,0,0,0,372
12111211,0,0,0,236
混沌的爱,0,0,0,15
十二月的新娘,0,0,0,195
玉女奇缘,7.6,18,0,2327
十年后，才知我早已爱你入骨,0,0,0,13
左落年华,0,0,0,75
囚徒,0,0,0,15
回不去的630,0,0,0,121
四色岛,0,0,1.99,323
武汉爱情故事,0,0,0,10
尘埃里那些怒放的花,0,0,0,1569
躁动与寂寥时代中的孤儿们,0,0,0,33423
陌生客,0,0,1.99,169
新留学时代,0,0,0,12553
把文艺青年统统打昏,0,0,0,17533
纪念刘阿哥,0,0,0,35
罪·爱,0,0,0,4023
叹息桥 The Bridge of Sighs,0,0,0,69
那些年,0,0,0,9
有梦不觉此生寒,0,0,0,535
一段往事的过往,0,0,0,16
龙冈少年 Lone & Gone,0,0,0,131
触善,7.4,13,0,19347
bb君的宠物妹,0,0,0,92
前车,7.2,35,0,2533
最清凉处是繁华,0,0,0,389
粉色的旅人,0,0,0,499
荒唐二十年,0,0,0,34
一见喵钟情,0,0,0,41
黑屋子里的猫,0,0,0,342
少年游,0,0,0,33
明眸之律,0,0,0,427
1.99,58412110511511010291311512
那些花儿,0,0,0,304
无处可栖,0,0,1.99,115
是苏一也是吴娟,0,0,0,13
青春的尾巴,7.4,14,0,5630
我们的时光2009,0,0,0,17
以爱之名,0,0,0,960
校园奇谈录,0,0,0,388
四色岛,0,0,1.99,323
向死而生,0,0,0,2
西游记杀人事件,0,0,0,13
全世界都以为我活着,0,0,0,29
陌生客,0,0,1.99,169
桦树谣,0,0,0,35
雨歇时,0,0,0,121
阿云.小雨,0,0,0,175
你走过的每一个路口,0,0,0,7
基本诉求,0,0,0,59
那些如你一般善良的人,0,0,0,36
那年夏天的风,0,0,0,464
小瘸腿日记,0,0,0,26
我的父亲,0,0,0,151
我爱广东，下一场雨,0,0,0,4
鲤风哀,0,0,0,285
全世界都以为我活着,0,0,0,29
三十而立,0,0,0,56
白泉,0,0,0,53
桦树谣,0,0,0,35
像山，像水,0,0,0,29
千帆阅近 见此邂逅,0,0,0,133
光阴错爱,0,0,0,17
未知玩家,0,0,0,473
摇摆的方堃琪,0,0,0,16
逆光,0,0,0,72
我爱广东，下一场雨,0,0,0,4
三十而立,0,0,0,56
鲤风哀,0,0,0,285
光阴错爱,0,0,0,17
摇摆的方堃琪,0,0,0,16
未知玩家,0,0,0,473
小瘸腿日记,0,0,0,26
我的父亲,0,0,0,151
我爱广东，下一场雨,0,0,0,4
鲤风哀,0,0,0,285
全世界都以为我活着,0,0,0,29
三十而立,0,0,0,56
白泉,0,0,0,53
桦树谣,0,0,0,35
像山，像水,0,0,0,29
千帆阅近 见此邂逅,0,0,0,133
光阴错爱,0,0,0,17
未知玩家,0,0,0,473
摇摆的方堃琪,0,0,0,16
逆光,0,0,0,72
小瘸腿日记,0,0,0,26
我的父亲,0,0,0,151
我爱广东，下一场雨,0,0,0,4
第四阅览室,0,0,0,176
三十而立,0,0,0,56
鲤风哀,0,0,0,285
千帆阅近 见此邂逅,0,0,0,133
光阴错爱,0,0,0,17
逆光,0,0,0,72
摇摆的方堃琪,0,0,0,16
未知玩家,0,0,0,473
斑斓,0,0,0,112
非年少时代,0,0,0,221
造梦者的谎言,0,0,0,63
只限品尝,0,0,0,55
青梅尚直，竹马已弯,0,0,0,1484
中部的故事,0,0,0,52
有趣的灵魂,0,0,0,188
物是人非,0,0,0,41
望美人兮天一方,0,0,0,954
戏子,0,0,0,20
千万城,0,0,0,143
四格恋爱物语,0,0,0,649
的匣子,7.6,11,0,3315
我想要的自由,0,0,0,20
烧烤青春,0,0,0,479
十三岁的时候我曾变成一只鸟,0,0,0,1396
空巢青年,9.0,25,0,12905
写给初恋的九十九封信,0,0,0,5942
那些弥足珍贵的旧时光之后生可畏,0,0,0,161
张飞之死,0,0,0,70
我的青春你不懂,0,0,0,35
有时，恋爱是为了错过,0,0,0,62
贝蒂的深切怀念,7.2,27,2.99,388
四格恋爱物语,0,0,0,649
少年维特别烦恼,9.0,42,0,48334
纯真年代,0,0,0,558
有趣的灵魂,0,0,0,188
很高兴认识你,0,0,2.99,166
童年碎片,0,0,0,72
望美人兮天一方,0,0,0,954
水仙花的成人礼,0,0,0,16007
千万城,0,0,0,143
血缘,0,0,0,1541
xiang,0,0,0,264
独上高楼,0,0,0,1607
的匣子,7.6,11,0,3315
如归,0,0,0,10903
男女之别,0,0,0,1864
空巢青年,9.0,25,0,12905
步行桥,0,0,0,208
那些弥足珍贵的旧时光之后生可畏,0,0,0,161
6.00,641572546541536542547533532536
你坐车从西向东 我走路由南到北,0,0,0,1004
造梦者的谎言,0,0,0,63
只限品尝,0,0,0,55
青梅尚直，竹马已弯,0,0,0,1484
中部的故事,0,0,0,52
把最美好的青春留住,0,0,0,14
未尽之兰,0,0,0,326
物是人非,0,0,0,41
八月桃花,0,0,0,21
张飞之死,0,0,0,70
戏子,0,0,0,20
我想要的自由,0,0,0,20
烧烤青春,0,0,0,479
十三岁的时候我曾变成一只鸟,0,0,0,1396
胡笳十八拍,0,0,0,379
写给初恋的九十九封信,0,0,0,5942
遗失的记忆,0,0,0,25
用我一生拥抱你,0,0,0,994
我的青春你不懂,0,0,0,35
有时，恋爱是为了错过,0,0,0,62
有一种青春叫做人家的,0,0,0,844
折翼的天使,0,0,0,38
城市猛兽,0,0,0,7
有一种青春叫做人家的,0,0,0,844
折翼的天使,0,0,0,38
城市猛兽,0,0,0,7
十三月的爱丽丝,0,0,0,58
《朝京人绝》,0,0,0,54
第四阅览室,0,0,0,176
人间四月,0,0,0,46
斑斓,0,0,0,112
驾雪追风（修订版）,0,0,0,92
火，走在柴中,0,0,0,183
非年少时代,0,0,0,221
淘淘（大一篇）,0,0,0,19
她与他,0,0,0,34
时光搁浅了半夏,0,0,0,173
如何拯救你，我生病的灵魂,0,0,0,126
把最美好的时光留住,0,0,0,126
爱，可以等多久,0,0,0,34
学游泳的鱼,0,0,0,28
只是当时已惘然,0,0,0,468
To: our world,0,0,0,30
初走---欧阳妙的长春故事,0,0,0,520
心情交换站,0,0,0,272
打开我心扉的女孩,0,0,0,27
青春倒数,0,0,0,18782
直到最后的微笑（1）,0,0,0,1185
那年穿堂风,0,0,0,275
青蛙,0,0,1.99,163
心灵对话,0,0,0,70
青春放纵，那年高中,0,0,0,152
你是我到不了的远方,0,0,0,2347
殇,0,0,0,161
年少荒唐梦,0,0,0,684
她与他,0,0,0,34
逐影人,0,0,0,66
把最美好的时光留住,0,0,0,126
我所遇到的真实故事改编系列,0,0,0,257
只是当时已惘然,0,0,0,468
To: our world,0,0,0,30
直到最后的微笑（1）,0,0,0,1185
殇,0,0,0,161
阿诺斯的悲伤,0,0,0,16
打开我心扉的女孩,0,0,0,27
青春倒数,0,0,0,18782
冬隅年,0,0,0,11
不过一场初恋,0,0,0,208
年少荒唐梦,0,0,0,684
千灵之心,0,0,0,837
热血高校之芹泽宫子,0,0,0,28
心灵对话,0,0,0,70
你是我到不了的远方,0,0,0,2347
很高兴遇见你,0,0,0,57
那年穿堂风,0,0,0,275
飘摇,0,0,0,28
密阿玛斯的骑士,0,0,0,13
醒不过来的喜欢,0,0,0,283
恋爱这件小事儿,0,0,0,19
世界上的我们,0,0,0,8
空转青春,0,0,0,14
在飞机落地之前说爱我,0,0,0,933
淘淘（大一篇）,0,0,0,19
百日毒城,0,0,0,169
逐影人,0,0,0,66
我所遇到的真实故事改编系列,0,0,0,257
打开我心扉的女孩,0,0,0,27
青春倒数,0,0,0,18782
冬隅年,0,0,0,11
不过一场初恋,0,0,0,208
那时候的爱情,0,0,0,9
读脑大师,0,0,0,22
阿诺斯的悲伤,0,0,0,16
热血高校之芹泽宫子,0,0,0,28
千灵之心,0,0,0,837
很高兴遇见你,0,0,0,57
《落花时节又逢君》,0,0,0,11
我曾淹没在你眼底的深蓝,0,0,0,79
青春前青春后,0,0,0,1850
月洲1魂牵梦绕,0,0,0,89
天亮时我将拈花，你会微笑吗,0,0,0,36
青竹,0,0,0,18
那时候的爱情,0,0,0,9
读脑大师,0,0,0,22
五平方米的爱情,0,0,0,358
三年九班,0,0,0,27
《冷月》,0,0,0,55
鲜花掌声我都不要,0,0,0,52
《等待死神来临的日子》,0,0,0,1113
缪斯的耳语,0,0,0,19
乘着莲叶来的阿树,0,0,0,296
教师日记,0,0,0,58
暂时未抵达,0,0,0,102
《柒域·双界轮》,0,0,0,27
可是你都不在了,0,0,0,5
暴走大学,0,0,0,592
花容错,0,0,0,89
学生笔记,0,0,0,105
超级玛丽,9.4,17,0,14368
四月的秘密,0,0,0,2872
阴霾,0,0,0,24
那年，北京错过的姑娘,0,0,0,148
雨季,0,0,0,315
非命,0,0,0,2170
不醒梦,0,0,0,64
谁在骂我们,0,0,0,69
柳荫下,0,0,0,82
我与九龙湖,0,0,0,10
高考徐孟南：三人行,0,0,0,45
当你孤单时,0,0,0,279
半条路,0,0,0,123
明星有爛,0,0,0,491
哈囡囡の味觉记忆,0,0,0,59
1.99,654242433523433
我来自喵星,0,0,0,735
雨季未至,0,0,0,329
下个世纪再嬉戏,0,0,0,2815
边缘男孩的爱情故事,0,0,0,4
那悄无声息的,0,0,0.99,389
南夏之夕,0,0,0,65657
我所痛恨的平庸,0,0,0,12833
洞,7.4,11,0.99,281
有时会突然忘了，我还爱着你,0,0,0,6016
白鸟翔集,6.4,144,1.99,13443
夏末微曦,0,0,0,255
青春没有bug,7.8,34,0,9476
梦·昏黄,6.6,15,0,1291
朝闻道,0,0,0,445
无语,0,0,0,33
纸面旅行,0,0,0,79
苒竹文学,0,0,0,17
边缘男孩的爱情故事,0,0,0,4
那悄无声息的,0,0,0.99,389
金榜同窗风云录,0,0,0,21
我来自喵星,0,0,0,735
王二编年史,0,0,0,45
我所痛恨的平庸,0,0,0,12833
梦·昏黄,6.6,15,0,1291
我与九龙湖,0,0,0,10
高考徐孟南：三人行,0,0,0,45
当你孤单时,0,0,0,279
1993,0,0,0,19
以后别做朋友,0,0,0,63
半条路,0,0,0,123
明星有爛,0,0,0,491
梦·昏黄,6.6,15,0,1291
哈囡囡の味觉记忆,0,0,0,59
朝闻道,0,0,0,445
苒竹文学,0,0,0,17
下个世纪再嬉戏,0,0,0,2815
边缘男孩的爱情故事,0,0,0,4
那悄无声息的,0,0,0.99,389
洞,7.4,11,0.99,281
我来自喵星,0,0,0,735
王二编年史,0,0,0,45
我所痛恨的平庸,0,0,0,12833
朝闻道,0,0,0,445
王二编年史,0,0,0,45
夏日靡余,0,0,0,29
苒竹文学,0,0,0,17
1491059015855341
19599982621
边缘男孩的爱情故事,0,0,0,4
金榜同窗风云录,0,0,0,21
无语,0,0,0,33
异象拾零 镜像篇,0,0,0,97
九零青年通事,0,0,0,3505
生有余安,0,0,0,43
再见，每一个有故事的你,0,0,0,4981
林海惊涛,0,0,0,88
米小耀和肥小胖,0,0,0,138
他的猫，与众不同,0,0,0,1370
回忆里的遗忘,0,0,0,136
我在人间捡故事,0,0,0,210
5.00,287208184170181116121010
5.99,133181414
莫小暖深圳记,0,0,0,6468
6.99,128010911055104110221020100599910011000
霓路,0,0,0,299
1491059015855341
19599982621
夏日靡余,0,0,0,29
凤凰镇,0,0,0,1453
如果云掠过······,0,0,0,991
5.99,307237183102791912
寂灭,0,0,0,657
异象拾零 镜像篇,0,0,0,97
维多利亚的秘密,0,0,0,1328
7.8,30,1.99,2343219421072104209020802080208420852070
九零青年通事,0,0,0,3505
生有余安,0,0,0,43
一念之间,0,0,0,2961
《未知属性的记忆》,0,0,0,1138
那年的江湖,0,0,0,621
《电梯间》,0,0,0,176
长生忘川,0,0,0,480
亲爱的姐姐,0,0,0,658
风行水止,7.2,15,0,4782
惟有隐者留其名,0,0,0,185
三年（6）班,0,0,0,504
北方以北,0,0,0,854
月牙湖,0,0,0,151
大侦探孙乐乐,0,0,0,745
平行世界,0,0,0,909
华灯,0,0,0,32
路少,0,0,0,1635
“卑鄙”的我,0,0,0,67
六月餐厅,0,0,0,266
三十三天爱情,0,0,0,332
后来才知晓，青春是寒凉的忧伤,0,0,0,1651
迹忆,0,0,0,104
那些故事,0,0,0,95
风里有句话,0,0,0,664
你的存在,0,0,0,366
我的那些姑娘，我的那些花儿。,0,0,0,107
一人，目月，水古月,0,0,0,53
再见何其难,0,0,0,26
亡命之徒,0,0,0,332
我并不完美的人生啊,0,0,0,220
怀念那些我们想怀念的人,0,0,0,165
一路向南,0,0,0,21
《再见啦！里昂！》,0,0,0,7
没谱,0,0,0,30
追忆青春那份悸动（原创）,0,0,0,30
《常年，莫念》,0,0,0,14
懒慢记,0,0,0,32
深圳爱情故事,0,0,0,27
夏日靡余,0,0,0,29
迷雾的季节,0,0,0,649
故人叹,0,0,0,17
异象拾零 镜像篇,0,0,0,97
补习班,0,0,0,67
十二月,0,0,0,40
丫头，我只是想轻轻地抱抱你,0,0,0,101
过,0,0,0,54
《常年，莫念》,0,0,0,14
抑郁手记,0,0,0,226
迷雾的季节,0,0,0,649
《他的名字有十二画，让她难忘》,0,0,0,12
致一去不复返的青春.,0,0,0,20
你过得很辛苦吗？,0,0,0,22
过,0,0,0,54
等你恋我,0,0,0,4
再见，每一个有故事的你,0,0,0,4981
他的猫，与众不同,0,0,0,1370
我，如果遇见我,0,0,0,11
那场大风里的我们,0,0,0,34
我在人间捡故事,0,0,0,210
你来人间一趟，你要看看太阳,0,0,0,135
悔,0,0,0,52
你好咩，余同學。,0,0,0,28
顾连城,0,0,0,5038
砥砺青春,0,0,0.00,2326
子弹死跳舞,0,0,0,399
心河之旅,0,0,0,1129
风带来的不要是离别,0,0,0,304
青春荒芜,0,0,0,1124
不能停歇的雨,0,0,0,11
金色笔记,0,0,0,891
冬天暖了夏凉,0,0,0,131
4.99,112837469697068532
孤独的鸟,0,0,0,18
过客,0,0,0,18
6.99,57730521782343423253056
隐秘盛宴,0,0,0,7028
少年凶徒,0,0,0,1896
蓝雪卿飞,0,0,0,231
请回答我的爱情,0,0,0,83
暧昧与苦涩,0,0,0,9711
和文艺女青年谈恋爱的日子,0,0,0,7163
花开最好时,0,0,0,6038
驭手笔记,0,0,0,215
谁是你的神,0,0,0,226
勿忘我,0,0,0,139
6.99,307239224212173155159221125
2.99,107807860626562635857
玻璃心,0,0,0,433
本堇焉存,0,0,0,456
咖啡集,0,0,0,571
秘密基地,7.8,11,1.99,742
那一片油菜花,0,0,0,5219
年轻人都消逝在白桦林,0,0,0,1015
师大旧事,0,0,0,27634
与理想的千日战争,0,0,0,1087
给天使买房,0,0,0,720
6.99,1465342433954023
琐碎往事的河,8.4,31,0,13080
活着，杀了你真好,0,0,2.99,480
那一个冬天的浪漫夜晚,0,0,0.99,69
瞧，这些年轻人,0,0,0,1264
从那年走过,0,0,0,282
子弹死跳舞,0,0,0,399
心河之旅,0,0,0,1129
风带来的不要是离别,0,0,0,304
6.99,57730521782343423253056
隐秘盛宴,0,0,0,7028
玻璃心,0,0,0,433
咖啡集,0,0,0,571
活着，杀了你真好,0,0,2.99,480
那一个冬天的浪漫夜晚,0,0,0.99,69
与理想的千日战争,0,0,0,1087
师大旧事,0,0,0,27634
6.99,307239224212173155159221125
6.99,1465342433954023
请回答我的爱情,0,0,0,83
蓝雪卿飞,0,0,0,231
金色笔记,0,0,0,891
暧昧与苦涩,0,0,0,9711
和文艺女青年谈恋爱的日子,0,0,0,7163
4.99,112837469697068532
花开最好时,0,0,0,6038
等你恋我,0,0,0,4
烟花雨,0,0,0,41
流泪的狗,0,0,0,83
我，如果遇见我,0,0,0,11
悄悄青葱恋,0,0,0,849
那场大风里的我们,0,0,0,34
你来人间一趟，你要看看太阳,0,0,0,135
悔,0,0,0,52
顾连城,0,0,0,5038
子弹死跳舞,0,0,0,399
遇见彩虹般的你,0,0,0,27
她那草稿本上的日记,0,0,0,135
青春荒芜,0,0,0,1124
渣男启示录,0,0,0,24
最深爱你的人是我,0,0,0,52
不能停歇的雨,0,0,0,11
青春知识点,0,0,0,58
孤独的鸟,0,0,0,18
冬天暖了夏凉,0,0,0,131
少年凶徒,0,0,0,1896
蓝雪卿飞,0,0,0,231
孤岛流云,0,0,0,6
过客,0,0,0,18
过客,0,0,0,293
驭手笔记,0,0,0,215
惊梦,0,0,0,288
树深时见鹿,0,0,0,109
再见莉莉安,0,0,0,182
尴尬境地之一场浮梦,0,0,0,17
交叉线,0,0,0,440
三生伊梦,0,0,0,36
来吧，爱的搭档,0,0,0,4205
我们,0,0,0,28
陪伴,0,0,0,62
疗愈师,0,0,0,560
处男的二十四小时,0,0,0,1712
西西的选择,0,0,0,1431
《ABCD》,0,0,0,40
同的世界,0,0,0,42
谁是你的神,0,0,0,226
青花情迷,5.4,41,1.99,1201
一诺是千金,0,0,0,64
大头先生和麻花小姐,0,0,0,70
遇见彩虹般的你,0,0,0,27
她那草稿本上的日记,0,0,0,135
过客,0,0,0,18
渣男启示录,0,0,0,24
不能停歇的雨,0,0,0,11
青春知识点,0,0,0,58
孤独的鸟,0,0,0,18
冬天暖了夏凉,0,0,0,131
黑夜的孩子,0,0,0,2489
最深爱你的人是我,0,0,0,52
孤岛流云,0,0,0,6
来自我心,0,0,0,9397
爱是无法抵达的远方,0,0,0,1068
遇见你，是为遇见我自己,0,0,0,1101
9.99,18289675151624250117
我想变成条鱼,0,0,0,1742
城南旧巷，等风也等你,0,0,0,643
小姑奶奶纪事,0,0,0,269
时光影子俱乐部,0,0,0,1149
295172154141129135139127128128
或许错过的青春,0,0,0,145
别来无恙，少年,0,0,0,1261
我的编辑不可爱,0,0,0,1794
爱的代价是长大,0,0,0,28017
近似透明的蓝,0,0,0,853
最长的情书,0,0,0,204
失眠的种子,0,0,0,191
蛮笔逐岛,8.0,104,0,22116
非典型少女集中营,0,0,0,336
找回记忆,0,0,0,1469
4.99,1574154417002152167814451400138813791397
错爱,0,0,0,7
灰光,0,0,0,225
汶川大地震,0,0,0,64
绿洲,0,0,0,56
玻璃窗,0,0,0,42
欲望之泉,0,0,0,14
小时光里的小故事,0,0,0,21
芷木易兰聽,0,0,0,30
日久生情,0,0,0,35
伍十的青春,0,0,0,274
大山的面具,0,0,0,642
情痴,0,0,0,208
错过,0,0,0,30
星火,0,0,0,16
墓志铭,0,0,0,63
爱是无法抵达的远方,0,0,0,1068
十二种离别,0,0,0,2642
我的编辑不可爱,0,0,0,1794
我想变成条鱼,0,0,0,1742
9.99,18289675151624250117
小姑奶奶纪事,0,0,0,269
时光影子俱乐部,0,0,0,1149
295172154141129135139127128128
或许错过的青春,0,0,0,145
4.99,1574154417002152167814451400138813791397
未早集,0,0,0,475
爱的代价是长大,0,0,0,28017
1991019489898585121
近似透明的蓝,0,0,0,853
云缝,0,0,0,285
失眠的种子,0,0,0,191
找回记忆,0,0,0,1469
非典型少女集中营,0,0,0,336
蛮笔逐岛,8.0,104,0,22116
我秘密地爱上你,0,0,0,4808
就让你笑,0,0,0,35
回声,0,0,0,48
伍十的青春,0,0,0,274
海上千年都,0,0,0,88
南京梦,0,0,0,33
十二楼,0,0,0,49
墓志铭,0,0,0,63
就让你笑,0,0,0,35
回声,0,0,0,48
楚桐与齐岩,0,0,0,125
张小燃的罗曼蒂克史,0,0,0,34
海上千年都,0,0,0,88
南京梦,0,0,0,33
十二楼,0,0,0,49
少年国,0,0,0,1246
空信封（第二版）,0,0,0,7
初夏那年,0,0,0,20
东邪,0,0,0,41
1991019489898585121
昨日世界,0,0,0,18
黑夜的孩子,0,0,0,2489
原来是青春,0,0,0,8
太阳的中心,0,0,0,22
听海,0,0,0,807
未说出口的话,0,0,0,55
未生,0,0,0,2055
恍日梦游,0,0,0,6
日久生情,0,0,0,35
我读大学这四年:赚了35万,0,0,0,1766
这个夏天后,0,0,0,9
蓝色边界,0,0,0,3335
寡语者,0,0,1.99,404
似曾相爱,0,0,0,1323
最好的故事,0,0,0,3650
文学前奏,0,0,1.99,201
逝去的云朵,0,0,0,9
夭寿之友,0,0,1.99,143
惑痴尘,0,0,0,56
收不到的情书,0,0,0,6415
熟悉的陌生人,0,0,0,24
旋转木马覆灭记,0,0,0,227
彼岸花开落余生,0,0,0,161
杯水青春,0,0,0,8
谁从我的青春路过,0,0,0,474
此处有闲情,0,0,0,6
老师，请翻译我,0,0,0,10
凤与凰,0,0,0,10
席紫紫的废柴人生,0,0,0,138
仰望孤独,0,0,0,67
孤独颂：再见你我的爱情故事,0,0,0,16
所爱隔山海,0,0,0,3648
怎么就同桌了,0,0,0,3307
奇特集,0,0,0,266
神经病日常,0,0,0,78
夏末秋至,0,0,0,48
岁月故意长,0,0,0,5
酱料故事,0,0,0,2345
《那些年追过的女孩》,0,0,0,16
李小昂的欢乐校园,0,0,0,669
亲爱的朋友,0,0,0,183
蓝色边界,0,0,0,3335
去你的留学,0,0,0,12
恁时相见早留心,0,0,0,307
没有所谓遗忘,0,0,0,18
远方的孤岛,0,0,0,32
逝去的云朵,0,0,0,9
惑痴尘,0,0,0,56
熟悉的陌生人,0,0,0,24
窒息,0,0,0,1498
井隅,0,0,0,10
去你的留学,0,0,0,12
王之秘恋,0,0,0,26
恁时相见早留心,0,0,0,307
没有所谓遗忘,0,0,0,18
远方的孤岛,0,0,0,32
我们的少女时代,0,0,0,2931
逝去的云朵,0,0,0,9
熟悉的陌生人,0,0,0,24
恍日梦游,0,0,0,6
冬蝉鸣时,0,0,0,922
我读大学这四年:赚了35万,0,0,0,1766
这个夏天后,0,0,0,9
未生,0,0,0,2055
象牙塔游戏,0,0,0,346
篇国,0,0,0,248
女人三十,0,0,0,17
未说出口的话,0,0,0,55
彼岸花开落余生,0,0,0,161
我的朋友,0,0,0,23
末梢的青春期,0,0,0,21
仰望孤独,0,0,0,67
只为赠你一场欢喜,0,0,0,111
岁月故意长,0,0,0,5
命运让我遇见另一个你,0,0,0,78
昨夜长风,0,0,0,13
听不到,0,0,0,21
《那些年追过的女孩》,0,0,0,16
风雨飘摇,0,0,0,136
篇国,0,0,0,248
霜旦,0,0,0,19
过时的青涩演义,0,0,0,38
厨房人在上海,0,0,0,1190
《独行》,0,0,0,13
昼初,0,0,0,181
万心春熙熙,0,0,0,862
十万个为什么之人之初,0,0,0,54
预知未来,0,0,0,29
我追初恋那十年,0,0,0,379
再好的马也不如龙,0,0,1.99,141
学业未已命体矣,0,0,0,313
刺客外传·高渐离,0,0,0,587
冰冷的初雪从天而降,0,0,0,42
乞丐与圣诞树,0,0,0,349
段少侠的荒唐情史,0,0,0,28
燃烧的小提琴,0,0,0,1483
上弦月的诅咒,0,0,1.99,72
胎死腹中的暗恋,0,0,0,15
独木若成林,0,0,0,22
一个逃兵,0,0,0,1445
我怀念的往昔,0,0,0,9
十万年华,0,0,0,597
方圆几里,0,0,0,613
苍鸾之空,0,0,0,172
一直很安静,0,0,0,154
疯狂暴食症的自愈,0,0,0,405
江夏,0,0,0,31
400米55秒,0,0,0,342
一梦江南岁月长,0,0,0,98
李明,0,0,0,30
城市的边缘,0,0,0,482
偏爱,0,0,1.99,544
Before Eighteen,0,0,0,323
中二少年弯弯绕绕期,0,0,0,21
给你一瓶橘子味汽水,0,0,0,6
未及言说·青春,0,0,0,96
如果我们如此幸运,0,0,0,22
我也很喜欢你,0,0,0,147
驾雪追风,0,0,0,150
不是他处，正是此刻,0,0,0,17
呼和,0,0,0,92
少年情怀,0,0,0,375
风雨飘摇,0,0,0,136
过时的青涩演义,0,0,0,38
昼初,0,0,0,181
风雨飘摇,0,0,0,136
和自闭症者谈恋爱,0,0,0,69
霜旦,0,0,0,19
过时的青涩演义,0,0,0,38
厨房人在上海,0,0,0,1190
《独行》,0,0,0,13
呼和,0,0,0,92
回到高中,0,0,0,192
那年阳光正好,0,0,0,797
原谅我的数学不好，但很有才华,0,0,0,52
预知未来,0,0,0,29
夜色,0,0,0,5539
冰冷的初雪从天而降,0,0,0,42
学业未已命体矣,0,0,0,313
阿莫,0,0,0,24
青春的痕迹,0,0,0,631
乞丐与圣诞树,0,0,0,349
中年少女也北漂,0,0,0,306
秘密,0,0,0,49
最好的你，时光和我都知道。,0,0,0,1210
我怀念的往昔,0,0,0,9
相伴十年，相见时难,0,0,0,5380
我进入了一所奇怪的大学,0,0,0,54
裘笼,0,0,0,20
渥太华河畔踏歌长行,0,0,0,65
爱情小说,0,0,0,157
彼岸有你,0,0,0,1489
狐城名猎,0,0,0,8
飞鸟与麋鹿,0,0,0,10
路过人间,0,0,0,80
事物的味道,0,0,0,2594
秋千,0,0,0,234
那年阳光正好,0,0,0,797
原谅我的数学不好，但很有才华,0,0,0,52
夜色,0,0,0,5539
李扶腰,0,0,0,101
那些将就的将就算了吧！,0,0,0,23
阿莫,0,0,0,24
烈火青春,0,0,0,16
中年少女也北漂,0,0,0,306
青春的痕迹,0,0,0,631
我们几个好青年,0,0,0,16
她大一 我大三,0,0,0,178
相伴十年，相见时难,0,0,0,5380
小说是怎么写成的,0,0,0,52
裘笼,0,0,0,20
阿尔亡 回家记,0,0,0,176
爱情小说,0,0,0,157
小小姐，请将身体敞开,0,0,0,34
路过人间,0,0,0,80
飞鸟与麋鹿,0,0,0,10
彼岸有你,0,0,0,1489
狐城名猎,0,0,0,8
你好，生活@,7.6,13,0,37556
敬我们回不去的夏天,0,0,0,1659
胖子，木子和摇滚少年,7.4,11,5.99,274
我的男朋友跟女朋友,0,0,0,2324
单身你早,0,0,0,15563
最后的不死鸟,0,0,0,216
生命力,0,0,0,260
泪打浮萍,0,0,0,8706
南柯记,0,0,0,7893
一种抵达,0,0,0,659
罔城阙,0,0,0,1059
3.99,444241215172172182168172196195
5.00,87392621191615141213
岁月不知玛丽,0,0,0,184
旧情曾谙,0,0,0,25
三月末的象牙塔,0,0,0,25
青春，岁月,0,0,0,29
拒绝沟通,0,0,0,16
玄幻世界的真相,0,0,0,82
时间拂沙,0,0,4.99,846
再回眸，风月尘误,0,0,0,81
爱情小说,0,0,0,157
路过人间,0,0,0,80
飞鸟与麋鹿,0,0,0,10
狐城名猎,0,0,0,8
若有故事，何须爱情,0,0,0,631
不要回头,0,0,0,92
理想de国,0,0,0,36
一战成神,0,0,0,17
行过二十四,0,0,0,18
她大一 我大三,0,0,0,178
逆风生长,0,0,0,29
行者,0,0,0,99
烈火青春,0,0,0,16
十一点半夜,0,0,0,226
三十七度五,0,0,0,133
苏三解梦,0,0,0,13
我们几个好青年,0,0,0,16
那些将就的将就算了吧！,0,0,0,23
昨夜的幸运草,0,0,0,19
今晚的月色真美,0,0,0,21
行走在夜空,0,0,0,13
小说是怎么写成的,0,0,0,52
李扶腰,0,0,0,101
阿尔亡 回家记,0,0,0,176
六郎山下,0,0,0,123
夜有月 冬有雪,0,0,0,4845
真豪杰,0,0,0,1046
李小风的后青春时代,0,0,0,101
鸢尾花,0,0,0,6426
指尖燃烧的青春,0,0,0,5854
猫上树,0,0,1.99,285
夜雾,0,0,0,7068
寒与温,0,0,0,11681
3292932664129141518911
4.99,155615445433932302930
580404365119473928242821
4.99,2261751571562320
我的青春很垃圾,0,0,0,1212
忍冬花,0,0,0,484
那年我们学会飞,0,0,0,343
在青春，向天涯,0,0,0,1774
蓝风铃的味道,0,0,0,29
旧年不复,0,0,0,7087
0.99,936554581344886
一条绳子,0,0,0,19
白夜未晞,0,0,0,638
杀死金圣叹,0,0,0,165
秘密客运站,0,0,0,34
风花雪叶,0,0,0,22
翡翠公园,0,0,1.99,86
公元2000年，逃离传销,0,0,0,515
Vios,0,0,0,25
情感教育,0,0,0,1324
恋上罂粟天使,0,0,0,954
对不起，不应该忘记你,0,0,0,350
我们的二十岁,0,0,0,331
凤尾丝兰,0,0,0,169
那时正少年,7.2,51,0,7830
鲜花少女,0,0,0,229
《小小人物的挣扎》,0,0,0,157
新新镇伤心故事集,0,0,0,59
欲辨已忘言,0,0,0,62
荆棘旅馆,0,0,0,122
汇贤雅叙,0,0,0,152
亲爱的白兔糖,0,0,0,48
潦草年代,0,0,0,56
幻影尽头,0,0,0,23
虹,0,0,0,10
蛀牙,0,0,0,29
那年晴天,0,0,0,96
《他纽扣上的头发》,0,0,0,228
回首向来萧瑟处,0,0,0,78
茉莉花开,0,0,0,70
星海之间,0,0,0,2
荆棘旅馆,0,0,0,122
恋上罂粟天使,0,0,0,954
《小小人物的挣扎》,0,0,0,157
真豪杰,0,0,0,1046
李小风的后青春时代,0,0,0,101
指尖燃烧的青春,0,0,0,5854
蓝风铃的味道,0,0,0,29
猫上树,0,0,1.99,285
寒与温,0,0,0,11681
对不起，不应该忘记你,0,0,0,350
情感教育,0,0,0,1324
凤尾丝兰,0,0,0,169
4.99,155615445433932302930
鲜花少女,0,0,0,229
翡翠公园,0,0,1.99,86
4.99,2261751571562320
忍冬花,0,0,0,484
那年我们学会飞,0,0,0,343
旧年不复,0,0,0,7087
0.99,936554581344886
那些弥足珍贵的旧时光之哈尔滨,0,0,0,82
诡跳,0,0,0,22
小甜家的兔子先生,0,0,0,8
球场崩塌时,0,0,0,1126
考场春秋终极版,0,0,0,13
我借风尘慰余生,0,0,0,59
亲吻少年时,0,0,0,118
非正常教职人员,0,0,0,126
仲夏,0,0,0,33
那些年,0,0,0,13
任意门,0,0,0,13
三本小说家,0,0,0,192
夜有月 冬有雪,0,0,0,4845
鸢尾花,0,0,0,6426
在青春，向天涯,0,0,0,1774
3.00,13310910195979591959493
虹,0,0,0,10
两个失魂落魄的少年,0,0,1.99,462
人间未满（修订）,0,0,0,34
我的青春很垃圾,0,0,0,1212
回首向来萧瑟处,0,0,0,78
星海之间,0,0,0,2
580404365119473928242821
乔梁,0,0,0,1687
夏生·秋水,0,0,0,202
每个人都不快乐,0,0,0,47
两本日记,0,0,0,66
阿香的图书馆员养成记,0,0,0,174
被讨厌的半生,0,0,0,13573
巢南,0,0,0,39
我被她吃了一年早餐，我吃了他一年早餐,0,0,0,91
阿香的图书馆员养成记,0,0,0,174
两本日记,0,0,0,66
时限,0,0,0,7
每个人都不快乐,0,0,0,47
伤刻暗花（下）,0,0,0,14
白天知道夜的黑,0,0,0,567
8090相亲记,0,0,0,201
在世界尽头再见你,0,0,0,14
流水无情,0,0,0,58
殷与明与梦衍仪,0,0,0,5
小下,0,0,0,2
正方青春，反方爱情,0,0,0,34
少女反叛计划,0,0,0,78
发电厂的故事,0,0,0,635
合不上的书,0,0,0,47
有一个女孩叫安,0,0,0,9
追忆逝水年华,0,0,0,636
我们如何作别,0,0,0,118
2046年,0,0,0,208
二十来岁的你,0,0,0,228
流金岁月,0,0,0,35
与你同行,0,0,0,280
探灵小分队,0,0,0,86
8090相亲记,0,0,0,201
你是我生命中的精灵,0,0,0,97
晨风馨薇,0,0,0,173
气象台的故事I,0,0,0,473
大海是时光的琥珀,0,0,0,1298
无非往事,7.8,55,0,52637
看上去很幸福的人，死了,0,0,0,222
逐日,0,0,0,499
暗色天堂,0,0,0,717
加权平均数,0,0,0,34
异性好朋友,0,0,0,8928
孤漠沙洲,0,0,0,1350
成都,0,0,0,112
《半生暖阳半生寒冬》,0,0,0,38
晟方知秋,0,0,0,460
剪纸月亮,0,0,1.99,503
疯龙,0,0,0,34
在遇见的所有人里，我最喜欢你,0,0,0,49
记忆的恩赐,0,0,0,1010
伤刻暗花（下）,0,0,0,14
探灵小分队,0,0,0,86
白天知道夜的黑,0,0,0,567
8090相亲记,0,0,0,201
你是我生命中的精灵,0,0,0,97
在世界尽头再见你,0,0,0,14
2046年,0,0,0,208
殷与明与梦衍仪,0,0,0,5
小下,0,0,0,2
正方青春，反方爱情,0,0,0,34
少女反叛计划,0,0,0,78
发电厂的故事,0,0,0,635
合不上的书,0,0,0,47
有一个女孩叫安,0,0,0,9
追忆逝水年华,0,0,0,636
疯龙,0,0,0,34
成都,0,0,0,112
二十来岁的你,0,0,0,228
流金岁月,0,0,0,35
晟方知秋,0,0,0,460
我是你的小尾巴,0,0,0,7
嚣伯和云藩,0,0,0,36
被讨厌的半生,0,0,0,13573
士兵诡计,0,0,0,2625
早安，21岁,0,0,0,5938
我被她吃了一年早餐，我吃了他一年早餐,0,0,0,91
毕业季特写,7.2,22,0.99,4228
寻找玛希帕,0,0,0,10479
网醉金迷,0,0,0,22485
北岸四人帮的传说,0,0,0,1235
粉墨之初,0,0,0,1395
闹学记,0,0,0,2535
469163147136121010131720
7.8,76,2.60,1471940771561806153332923
东京偶像养成游戏,0,0,1.99,537
爱吐槽的猫男焦糖,0,0,0,11548
拉蓬特街8号,0,0,0,1586
南塘·青春期,0,0,0,5650
闻香识女孩,7.6,26,1.99,4069
6.00,49343310
3.99,12893852215
红颜终结计划,7.4,15,0,3856
高校男子记事簿,0,0,0,9616
盘山公路十八弯,0,0,0,63
陆一帝国,0,0,0,19
那个女孩，我真的好喜欢你,0,0,0,337
抛物线爱情,0,0,0,29
欲望、情感与生命,0,0,0,318
恋上剧中人,0,0,0,183
点击,0,0,0,29
二哈游记,0,0,0,17
辛泽善的故事,0,0,0,45
阿兔,0,0,0,959
叫做家的地方,0,0,0,425
小江二十岁,0,0,0,17
海边的丁香,0,0,0,11
盘山公路十八弯,0,0,0,63
陆一帝国,0,0,0,19
她说,0,0,0,33
《三五成群》,0,0,0,37
那个女孩，我真的好喜欢你,0,0,0,337
抛物线爱情,0,0,0,29
欲望、情感与生命,0,0,0,318
恋上剧中人,0,0,0,183
点击,0,0,0,29
二哈游记,0,0,0,17
未命名二十一天,0,0,0,423
辛泽善的故事,0,0,0,45
猫之墓,0,0,0,194
《鹿与折耳猫》,0,0,0,11
小江二十岁,0,0,0,17
叫做家的地方,0,0,0,425
昔年种柳,0,0,0,6
你说喜欢时，路灯全部盛开,0,0,0,225
海边的丁香,0,0,0,11
盘山公路十八弯,0,0,0,63
愿世界待你如初,0,0,0,1100
那个女孩，我真的好喜欢你,0,0,0,337
抛物线爱情,0,0,0,29
欲望、情感与生命,0,0,0,318
恋上剧中人,0,0,0,183
二哈游记,0,0,0,17
辛泽善的故事,0,0,0,45
阿兔,0,0,0,959
愿世界待你如初,0,0,0,1100
抛物线爱情,0,0,0,29
蝙蝠为什么总是在黄昏起飞,0,0,0,64
恋上剧中人,0,0,0,183
辛泽善的故事,0,0,0,45
阿兔,0,0,0,959
真正的爱,7.4,21,0,9861
青春不轻,0,0,0,10
《不知对你说什么》,0,0,0,102
壁虎和五只蝴蝶,0,0,5.99,422
追忆花样年华,0,0,0,801
连久,0,0,0.99,466
青春の,0,0,0,18
流氓必智,6.2,18,0.99,1409
1.00,105473476649106
下辈子，我们不要再相见了,0,0,0,24
秋日碎片,0,0,1.99,199
轻装慢走,0,0,0,2473
梦想生成的方向,0,0,0,10529
毕业这件小事,0,0,0,1048
那年青山那年情,0,0,0,998
心灵重伤,8.2,32,0,44547
1993，巨龙帮的覆灭,0,0,0.99,132
那些微妙的日子,0,0,0,4186
妖怪研究生之觉醒,0,0,0,495
只有流水知道的事,7.2,281,1.99,15066
就算生命从未温柔相待,0,0,0,8972
广州，别动我的爱情,0,0,0,1298
在光未末不真实的世界里,0,0,0,9298
睡在海岸线的少年,0,0,0.99,248
我们的故事不凄美,0,0,0,500
凡的夫,0,0,0,732
北岛,0,0,0,2048
温柔时光,0,0,0,257
所爱隔山海，山海不可平,0,0,0,2663
老才的事,0,0,0,248
岛,0,0,0,343
当一个人离开之后,0,0,0,5
与你素未谋面,0,0,0,52
4,0,0,0,13
你在我心里种了一朵花,0,0,0,17
唯陌光年,0,0,0,5330
光,0,0,0,21
兼济天下第一部,0,0,0,901
青春变奏曲,0,0,0,128
职场新人甄言,0,0,0,13
成长，爱欲，生老病死,0,0,0,43
生如春泥,0,0,0,100
《黑夜传说.巫女的预言》,0,0,0,200
大陆和丸子,0,0,0,95
当与子归,0,0,0,5
梦回路转,0,0,0,557
朋友当道,0,0,0,132
青芒,0,0,0,46
小青柑,0,0,0,8
当一个人离开之后,0,0,0,5
与你素未谋面,0,0,0,52
4,0,0,0,13
你在我心里种了一朵花,0,0,0,17
生如春泥,0,0,0,100
唯陌光年,0,0,0,5330
蜕变,0,0,0,2063
骄子,0,0,0,82
《曾与你那么近》,0,0,0,9
平凡与孤独,0,0,0,2
青春的华衣——我们的孩子将穿着汉服长大,0,0,0,1121
我喜欢你，真的。,0,0,0,15
鼠傀,0,0,0,76
文艺复兴时期的爱情,0,0,0,333
请您不要太屌好吗,0,0,0,5
老才的事,0,0,0,248
寻找阿莱夫,0,0,0,109
钢铁下的守望者,0,0,0,3348
那年青山那年情,0,0,0,998
你永远是那颗星,0,0,0,533
轻装慢走,0,0,0,2473
那些微妙的日子,0,0,0,4186
心灵重伤,8.2,32,0,44547
不相识,0,0,0,207
只有流水知道的事,7.2,281,1.99,15066
广州，别动我的爱情,0,0,0,1298
向着大海的方向,0,0,0,3461
睡在海岸线的少年,0,0,0.99,248
我们的故事不凄美,0,0,0,500
消失和再现,0,0,0,397
在寻找爱情乌托邦的路上,0,0,0,16633
北岛,0,0,0,2048
毕业这件小事,0,0,0,1048
所爱隔山海，山海不可平,0,0,0,2663
妖怪研究生之觉醒,0,0,0,495
当一个人离开之后,0,0,0,5
《可是你也没说这会是我的青春》,0,0,0,129
4,0,0,0,13
关卿何事不成眠,0,0,0,21
遇见你，我的世界多了一公里,0,0,0,80
爱情三脚猫,0,0,0,84
大地不止有一种足印,0,0,0,23
爱在珠穆拉玛,0,0,0,797
梦呓者说,0,0,0,76
我们的青春,0,0,0,172
欣月神话,0,0,0,375
1.00,1761129291878479817525
少年诗季,0,0,4.99,437
热岛,0,0,1.99,184
荷尔蒙,0,0,0,10329
和谁初恋,0,0,0,5413
闺蜜,0,0,0,11843
应届生,0,0,0,5256
眼睛到地面的距离,0,0,1.99,80
20314412212011812514
烟火与战争,0,0,0,149
唐朝好公民,0,0,0,4641
墨海，黑土地的日子,0,0,0,6
那风中飘飞的白衬衫,0,0,1.99,145
高中生的日常生活,0,0,0,94
情书,0,0,0,35
兼济天下第二部,0,0,0,21
我喜欢夏天，你喜欢秋天,0,0,0,39
沉重的泡沫,0,0,0,13
故事上集,0,0,0,69
奇异记,0,0,0,233
彼岸青春此岸花,0,0,0,2065
幸好，你还在,0,0,0,267
记忆，它真的重要吗？,7.8,34,0,12385
看不见的学校,0,0,0,671
毕业日,0,0,0,45
梦 半 游 记,0,0,0,72
少年杂记,0,0,0,79
沪上花开,0,0,0,113
一笔清墨,0,0,0,91
从未路过的世界,0,0,0,59
错失,0,0,0,104
疾恶非道,0,0,0,24
不过生活罢了,0,0,0,5
你是照亮我生命的光,0,0,0,145
欣月神话,0,0,0,375
鸠占凰巢,0,0,0,44
梦呓者说,0,0,0,76
小开纪实,0,0,0,28
我们的青春,0,0,0,172
忘忧草,0,0,0,1021
你是照亮我生命的光,0,0,0,145
欣月神话,0,0,0,375
花心·之二 潇湘烟雨,0,0,0,183
鸠占凰巢,0,0,0,44
梦呓者说,0,0,0,76
小开纪实,0,0,0,28
我们的青春,0,0,0,172
高中生的日常生活,0,0,0,94
灯影里的旧时光,0,0,0,12
东游西逛,0,0,0,178
我喜欢夏天，你喜欢秋天,0,0,0,39
他们是王炸,0,0,0,114
听说,0,0,0,150
彼岸青春此岸花,0,0,0,2065
错失,0,0,0,104
梦 半 游 记,0,0,0,72
情书,0,0,0,35
酸三色,0,0,0,1826
你从远方来，带着诗意,0,0,0,34
迢水行（暂题名）,0,0,0,68
偶像万万岁,0,0,0,15
最美好的初恋,0,0,0,96
