剩唐（一）,9.4,415,1.99,78652
永远的丁丁与昨日世界,0,0,0.00,177
形婚记,7.8,635,1.99,35759
中日之间：萌与硬——倭国时代的日本,0,0,0.00,131
她的国,7.6,582,0,32595
中日之间：蒙元逆袭日本,0,0,0.00,597
两晋风云（一）,9.0,525,0,66348
春秋战国：一段你应了解的历史（第一卷）,9.4,297,4.00,4.00,190691
天涯共此时（上）,9.4,68,1.99,1.99,38290
勘破封神,7.8,14,5.00,3358
五代十国的枭雄们 1：满城尽带黄金甲,8.8,97,3.99,22436
我这一生,9.6,368,4.99,4.99,64475
中日之间：日本朝贡之路与大明朝倭患,0,0,0.00,280
亚热带雨林的一千零一夜,9.2,793,1.99,39170
剩唐（二）,9.4,231,1.99,15988
北欧神话：诸神篇,0,0,0,1187
巴勃罗·埃斯科瓦尔：哥伦比亚毒王的沉浮人生,8.0,14,2.99,2538
生死不离,9.6,218,1.99,16536
不能奋身一跃,8.0,354,0,49411
我叫徐沪生,7.6,52,2.99,8480
希腊波斯战争史,0,0,0,105
贪欲、权力、金钱,6.8,19,1.99,1904
递罪,0,0,7.99,2891
一个性工作者的自我修养,7.4,299,1.99,45666
春秋战国：一段你应了解的历史（第三卷）,9.6,186,2.00,2.00,32763
两晋风云（四）,9.6,81,0.99,14270
明代一起奸杀案所引发的风波,7.0,235,0,11930
三国风云（上）,0,0,5.00,3681
微历史：汉朝真的这么有料（一）,8.6,215,0,41821
天涯共此时（下）,9.6,43,1.99,1.99,16243
五代十国的枭雄们 5：沙陀的皇朝,9.4,46,3.99,10733
上海LGBT采访录,9.0,215,0,45888
两晋风云（二）,9.4,225,0.99,28851
微历史：汉朝真的这么有料（二）,8.0,38,1.99,3647
剩唐（六）,9.6,173,1.99,8877
五代十国的枭雄们 2：枭雄的盛宴,9.2,69,3.99,15667
高卢战记,0,0,4.99,2496
权谋背后的真三国：谋士论策篇,7.8,25,0.99,3233
两晋风云（五）,9.4,73,0.99,12776
春秋战国：一段你应了解的历史（第四卷）,9.6,203,2.00,2.00,49683
微历史：明清就是这样有料（一）,8.2,990,0,116192
找寻真实的民国（卷三：安内攘外）,0,0,6.99,3290
勇气与真意,9.4,652,0,54252
你绝对不知道的美国独立秘史,8.0,23,5.99,3430
宋史其实很有趣：如此帝王伤不起,7.0,11,0.99,3036
天朝上国的迷梦（上）,9.4,55,1.99,24100
历史的足迹,9.4,36,3.99,18529
五代十国的枭雄们 6：城头变幻大王旗,9.6,43,3.99,8995
五代十国的枭雄们 8： 前蜀风云,9.8,23,3.99,4330
五代十国的枭雄们 3：梁晋的角逐,9.4,58,3.99,12707
《全球概览》,0,0,0,6
五胡灾：汉民族的第一次亡种之灾,0,0,0,1674
此地一为别，孤蓬万里征,9.2,137,1.99,5590
中日史上这些事！,0,0,0,111
天朝上国的迷梦（中）,9.4,16,1.99,5435
五代十国的枭雄们 7：黎明的曙光,9.8,49,3.99,11832
论迫害者之死,0,0,1.99,989
剩唐（四）,9.4,165,1.99,13643
春秋战国：一段你应了解的历史（第二卷）,9.4,200,2.00,2.00,37842
剩唐（五）,9.6,135,1.99,10478
江湖旧事录,0,0,0,1751
五代十国的枭雄们 4：亚子的逆袭,9.2,64,3.99,11964
君莫舞,8.6,48,0.99,2089
风雷激荡南北朝,9.0,33,1.99,4406
假若穿越到明朝（上）,0,0,1.99,1773
找寻真实的民国（卷二：党国统一）,0,0,6.99,3381
宋史其实很有趣：三千佳丽一台戏,7.2,19,0.99,2513
少儿英国史（中英对照版）,0,0,2.99,1853
萨尔温江旧梦,9.0,59,1.99,2731
权谋背后的真三国：名将风采篇,8.0,31,0.99,3693
从河南到台湾,0,0,4.99,705
微历史：旁观西汉历史四则,8.6,156,0,17580
计生专干,7.4,18,2.99,1963
中国军神孙立人（卷一）,7.4,11,9.99,5303
半部红楼半世风流,8.0,68,1.99,10427
沈从文的昆明岁月,0,0,1.99,1023
中国大飞机决策内幕,7.2,11,1.99,2250
女唐,0,0,0.99,794
退无可退,8.8,121,0,15751
《三国演义》细细聊,8.0,21,0,41957
少儿英国史（中文版）,0,0,2.99,1794
山海关,0,0,1.99,336
妈妈,9.0,68,1.99,5827
宋史疑云（北宋卷）,0,0,0.99,1210
东莞：工人、小姐与乞丐,7.2,215,1.99,35733
九龙十二钗之雍正失头记 1,7.4,12,1.99,1785
《战国大名武田氏的战争与内政》,0,0,0,79
欧洲货币史话写真录,0,0,0,1389
英伦王朝宫斗记,8.0,12,0,37705
剩唐（三）,9.4,175,1.99,14503
于无所希望中得救：阿尔茨海默者爱情史,7.2,18,0,626
抗战第一名将：薛岳,0,0,9.99,2449
嵇康之死,7.8,27,1.99,3192
微历史：汉朝真的这么有料（四）,8.0,15,1.99,1244
红了春秋，绿了战国,0,0,4.99,1935
三国风云（下）,0,0,5.00,2227
关于哈尔滨的零星历史碎片,7.4,26,1.99,1731
远方的沉樱,0,0,1.99,260
我的维和 ,0,0,1.99,298
北大荒的知青故事,8.6,19,0,25067
我的外公外婆,0,0,1.99,241
朱元璋新传（卷二）,0,0,6.99,905
黑脸小史：曹操的权谋人生,6.8,16,0.99,2263
野史笑翻天Ⅲ,7.6,16,1.99,2019
九龙十二钗之雍正失头记 7,0,0,2.99,364
汉匈战争三百年,7.4,14,1.99,2033
明朝中前期的盛世与帝王们,7.4,13,1.99,1714
声音•岁月,0,0,1.99,397
室町末年及安土桃山时期日本知名人物概说,0,0,0,70
魏晋南北朝那些文人们,0,0,0,2353
项羽和刘邦：命运交错的对位曲,0,0,2.99,743
王阳明心传,0,0,6.99,2987
我在这世上太孤独,9.4,103,0,218747
解密1937,0,0,6.99,2291
赶花会,8.6,36,1.99,3257
皇明兴国纪（第二部）,0,0,8.99,438
权谋背后的真三国：美女柔情篇,7.6,11,0.99,1401
龙队,0,0,1.99,563
换肾笔记,8.2,19,1.99,1759
皇明兴国纪（第一部）,0,0,8.99,2735
微历史：明清就是这样有料（二）,8.4,37,1.99,4463
权谋背后的真三国：群雄逐鹿篇,0,0,0.99,1039
高氏情史,0,0,0,2019
先秦性格诸子,0,0,0,2547
一个60后的真实人生【第二部】,0,0,0,13473
如何通过“耶稣镜片”来读圣经,0,0,0,78
遥远的翼声,0,0,1.99,169
成都万婴之母,0,0,4.99,1485
有清-太祖努尔哈赤,0,0,0,28
汉宫往事（第一卷）,0,0,0.99,304
宋史疑云（南宋卷）,0,0,0.99,971
三国小人物传,0,0,0,117
天子爱风流,0,0,4.99,438
亡灵书,0,0,0,129
两晋风云（三）,9.4,136,0.99,18505
九龙十二钗之雍正失头记 2,0,0,1.99,880
添枝加叶白话版资治通鉴,0,0,0,808
心理系,8.0,23,0,49781
宗教改革还重要吗？,0,0,0,214
我的德国生涯,0,0,1.99,2158
九龙十二钗之雍正失头记 3,0,0,1.99,407
从姓名说中国历史,0,0,0,165
当明朝的官很累,0,0,2.99,786
上海滩皇后：胡蝶小传,0,0,0.99,461
当时明月在,0,0,0,798
微历史：汉朝真的这么有料（三）,7.6,12,1.99,2276
永远的丁丁与昨日世界,0,0,0,2355
如是说,0,0,0,21
瀑布河惨案,0,0,0,12
大地无声——豫东南乡土笔记,0,0,0,798
万叶恋歌,0,0,0,1753
九龙十二钗之雍正失头记 4,0,0,1.99,216
和世界聊聊天,0,0,0,1006
草稿中国：一些速朽的事物,0,0,0.99,158
欧亚大史记：全球文明的风云变幻,0,0,0,95
九龙十二钗之雍正失头记 5,0,0,1.99,219
说来话长：1894——1949中国微战场,0,0,1.99,508
法国大革命的前夜,7.6,11,4.99,3876
假若穿越到明朝（下）,0,0,1.99,463
顾事未有尽头,0,0,3.00,723
大话诗游,0,0,0,4
国内精简生活——省钱之道,0,0,0,49
蒙古小史—从蛮荒到二十一世纪,0,0,0,916
四海遗珍,0,0,0,1595
大揭秘：民国第一劫案,0,0,0,813
胡天黑帝,0,0,0.99,648
野史笑翻天Ⅳ,7.2,13,1.99,2044
来自地方检察官办公室的重案实录,0,0,5.99,265
春秋争霸不容易,0,0,1.99,1358
车头灯不亮,0,0,1.99,250
阮玲玉：所有人都是凶手,7.8,14,0.99,917
北洋大时代的生存智慧,0,0,0,219
罪案现场,7.8,30,0,26086
吕律：我的德国生涯系列（续）,0,0,0,45
七张中国商人的肖像,7.0,27,1.99,768
七国志,8.4,25,2.99,6697
岁月的风声,0,0,1.99,418
这才是日本史,0,0,5.99,4259
彼岸花开：东瀛日本的上下三千年,0,0,0,1589
北淝河往事,0,0,0,176
自古名人都不贱,0,0,0,181
历史的风口浪尖：北洋末路,0,0,0,272
没想到你是这样的XXX,0,0,0,391
花犯,0,0,0,63
《从零开史》,0,0,0,719
一个草根六零后的隐私（初恋情书）,0,0,0,302
演绎历史的五十道谜题,0,0,0,79
说晚清 道民国,0,0,0,132
王老师的支教纪实,0,0,0,16
炎龙笔记,0,0,0,311
菩提路上，散散步,0,0,0,178
贺六浑,0,0,0,51
战国那些变革与精英们,0,0,1.99,718
怪谈世界史,0,0,0,71
残花,0,0,0,26
青苹果,0,0,1.99,241
足迹·心迹（两宋人物小传）,0,0,0,89
国内旅行非正常指南,0,0,0,41763
"新文化"运动,0,0,0,77
微历史：明清就是这样有料（三）,7.4,20,0.99,1879
人间散记,0,0,0,70
寂寞的阁楼,0,0,0.99,197
隔壁的上海人,0,0,0,201
历史的地震—中国地震小史,0,0,0,57
清朝趣闻,0,0,0,438
17个锡安主义思想先驱的肖像,0,0,0,87
我的自传,0,0,0,225
家谱编修指南与答问,0,0,0,32
城南旧忆,0,0,0,188
战神是这样炼成的,0,0,0,220
闲聊,0,0,0,7
吕律：一个没有孩子的“孩子王”的前半生,0,0,0,24
朱元璋新传（卷一）,0,0,6.99,1309
悠悠北京城文化趣谈,0,0,0,29
慕浅要回忆簿,0,0,0,11
有些人/事，不该被忘记,0,0,0,162
少儿法国史,0,0,0,112
共和国大典,0,0,0,22
金融投资史,0,0,0,148
梅林的曼陀罗,7.6,16,5.99,1877
明末那些事儿,0,0,0,39
藏二代，与太阳为邻的孩子,0,0,0,477
家谱与寻根,0,0,0,29
母亲的一生回忆录,0,0,0,45
西方性格思想者,0,0,0,65
死生契阔 与子成说,0,0,0,135
路标,0,0,0,20
舅舅的随笔,0,0,0,5
谁成就了日本惯偷袭的“美名”,0,0,0,528
晚明长恨歌,0,0,0,14
权谋背后的真三国：曹刘争锋篇,8.0,19,0.99,1281
一个60后的真实人生【第四部】,0,0,0,3461
人杰地灵的笔架山,0,0,0,8658
风雪盈门有佳花,0,0,0,377
黑社会2,0,0,0,42
烽火三十年：北洋，从源起到覆灭,0,0,0,203
大学纪事（2014）,0,0,0,17
墨染流年，丰盈了岁月,0,0,0,817
月隐集,0,0,0,75
中国军神孙立人（卷二）,0,0,9.99,1482
职场上，懂得这些技巧，升职加薪并不难,0,0,0,99
观我生·北朝人物考,0,0,0,1404
我抓住了两个世界——姜广平教育叙事,0,0,0,614
漫漫写作路,0,0,0,17
民国的那些才女佳人,0,0,0,8
精分人生三部曲,0,0,0,600
电器日阅读,0,0,0,17
陈焜作品集,0,0,0,1047
无人纪念,0,0,0,83
史海遗珠,0,0,0,417
清朝那些罪,0,0,0,568
黑社会2,0,0,0,47
四海遗珍,0,0,1.99,443
历史的烟尘,0,0,0,210
恋春秋,0,0,0,124
云游记,0,0,0,10
脑洞外星人,0,0,0,12
风流民国,0,0,1.99,1556
古史舆地图说,0,0,0,290
卦事奇谈,0,0,0,436
承德道31号,0,0,0,1358
一个军阀的抗战,0,0,0,100
我的德国生涯系列,0,0,0,1947
外国人在中国,0,0,0,245
时光乱炖,0,0,0,24
诗酒人生须尽歌,0,0,0,317
穿越时空来看你,0,0,0,397
旅途行记,0,0,0,31
神的赐予,0,0,0,31
尘境心影录,0,0,0,4376
历史人文,0,0,0,57
高考零分作文作者传（二）,0,0,0,126
隋唐英雄史话,0,0,0,806
西北叙事,0,0,0,387
《洒家之言》——看不清世界的我想睁眼,0,0,0,16
旅顺物语,0,0,0,194
一狼千羊——汉匈百年战略博弈史,0,0,0,67
往事从未走远,0,0,0,2543
白云寺奇传,0,0,0,18
《中国书法史》笔记,0,0,0,96
无题系列,0,0,0,31
衙门口,0,0,0,71
倦客梦醒红尘事,7.4,21,0,2691
历史中的男人们,0,0,3.99,1869
0,0,0,0,52
“你不知道和你想知道的”中国特色科幻集合,0,0,0,24
不尽长江,0,0,0,2518
不要吻，要刺——民国女子物语,0,0,0,15
伊斯兰：从古到今,0,0,0,1480
扶贫十年,0,0,0,1553
旅行学英语,0,0,0,185
菩提路，散散步,0,0,0,27
非鱼,0,0,0,142
十国简史,0,0,0,261
极简刘备创业史,0,0,1.99,1258
一个中东的农民会从浪子的故事里看到什么？,0,0,0,100
大商业时代,0,0,2.99,283
从记11年,0,0,0,32
绮女传,0,0,0,33
小时候,0,0,0,6
明皇与杨妃,0,0,0,460
裕仁1945,0,0,0,103
小镇故事系列,0,0,0,19
地球往事——纪录片中的感人故事,0,0,0,169
那些发生在整形科的事,0,0,0,308
三国回忆录,0,0,0,507
这12种病，当过兵的都有，你中枪没有？,0,0,0,47
泥古丁乱弹,0,0,0,317
高考零分作文作者传（一）,0,0,0,308
吕律：一个北京德语老师的生活感悟（一）,0,0,0,305
