Django入门教程,8.0,211,0,67192
论平行宇宙——这世界并非只有一个你,0,0,0,1971
机器学习之Python,7.6,16,0,46838
未知之地的物理学,8.6,103,0,8529
自我复位健康术——背部胸椎篇,0,0,10.00,844
百年论战,8.8,61,3.99,9765
人类为什么会得自闭症,7.4,117,0,12280
男人和女人的博弈,7.6,31,0,266283
隐藏人物,8.2,28,0,2932
协议森林,9.6,114,0,150533
星际穿越,9.0,16,1.99,1700
MacTalk·人生元编程,8.4,288,2.99,48078
产品经理工作手册,9.6,96,0,9100
冰与火之歌外传：龙家王朝与七大王国兴衰史,9.6,41,0,159778
CoffeeScript小书,8.2,71,1.99,15031
自我复位健康术——全身调衡篇,0,0,10.00,588
自我复位健康术——下肢篇,0,0,10.00,790
自我复位健康术——腰椎骨盆篇,0,0,10.00,1760
自我复位健康术——头面篇,0,0,10.00,1268
自我复位健康术——颈椎篇,0,0,10.00,1719
巫蛊术揭秘,0,0,0,133
赛博格的回音,0,0,0,3138
懒人必备的office使用手册,0,0,0,1080
《全球概览》,0,0,0,5
统计学拯救世界,0,0,0,115
《区块链真面目》,0,0,0,370
天气与历史的相爱相杀,8.6,43,1.99,4719
直立行走的逻辑,8.8,26,1.99,2162
7.4,17,2.99,43122765203821192110952554418545423
我的发明：特斯拉自传,8.2,40,1.99,5350
BABY夜谈大数据,7.8,16,0,4433
自我复位健康术——上肢篇,0,0,10.00,434
0.50,4511402336451086340133909113375926833
机械与文明,7.2,11,0,11668
大脑与音乐,7.8,13,0,18550
创业参考,8.2,39,0,45295
我的职业是前端工程师,8.0,47,0,80313
神话故事与词根词缀,8.0,16,0,4655
上帝笑了,0,0,3.99,928
冰与火之歌外传：坦格利安王朝与七大王国兴衰史,9.0,25,6.99,9370
圣经揭秘 创世纪,0,0,0,99
科学护肤，那些你不可不知的事儿,0,0,0,443
指尖的光影游戏,8.2,85,0,30960
医疗产业大棋局,7.6,26,0,139007
暴胀中的脑洞,7.6,11,0,3928
儿童识字之我见,0,0,0,15
Design System,0,0,0,246
牛顿的水晶球,0,0,0,2383
科幻研究,0,0,0,126
人工智能,0,0,0,1465
云人·雨人,8.4,19,1.99,2182
像写代码一样写论文,8.6,30,0,15834
前端开发笔记,8.2,25,0,41721
产品经理那些事儿,7.8,17,0,334577
python的学习之路,0,0,0,956
C与C++学习笔记,0,0,0,199
文科生学编程,0,0,0,158
专注北美投行VC,0,0,0,1222
赤身裸体的逻辑,7.2,18,1.99,1385
谈谈全栈工程师,8.6,107,0,191253
Python学习笔记,0,0,0,110
数字的秘密，揭开足彩欧赔冷门操盘的内幕,0,0,0,206
仰望星空,7.6,21,0,44599
外语：深度学习元年,0,0,0,186
数字地球,8.2,31,0,38734
爱琴海与猫头鹰,0,0,0,1691
肤色进化的逻辑,7.6,18,1.99,1103
你所陷入的健康误区,0,0,0,29
经济学研究方法散谈（一）,0,0,0,509
三界,0,0,0,140
灵异真相,7.0,26,4.99,5282
B计划｜还你一份出彩的PPT,0,0,0,70
如何让电脑弹奏乐谱,0,0,0.99,0.99,470
设计师的HTML手册,8.0,34,0,41565
英语拼写简明手册,0,0,0,17124
Python学习笔记,0,0,0,86
构建安全的PHP应用,7.4,21,9.90,4675
吕律：我的德国生涯系列（续）,0,0,0,45
FreeSurfer使用手册,7.2,16,0,35517
宇宙起源,0,0,0,91
HTML5+CSS3使用技巧汇总,0,0,0,83
新编《思维学》第一部；思维与生命,0,0,0,54
化妆品知多少？,0,0,0,4345
我与奇点定律,0,0,0,506
一位IT从业者的口译成长路,7.4,19,0,9866
赚钱快与慢，选择太重要,0,0,0,152
日常投资,0,0,0,1577
身边花草志：一个男生的女人花,0,0,0,498
28402569256125182518247424762502248085
大数据时代下的隐私保护,0,0,0,130
晓蕾姐姐讲历史故事（第1辑、春秋时期）,0,0,0,161
毅力速成手册,0,0,0,284
原来中医课是这个样子的,0,0,0,262
我的基因我做主,0,0,0,16109
商业创新,0,0,0,798
智慧管理講堂,0,0,0,21
鸟类群像-画册（原创）-佛经摘抄及解析,0,0,0,14
烟波至爽，数据为王,7.8,50,0,25844
8.4,68,3.00,1583238353430291529859203817434923431209
Bootstrap实战,0,0,0,1126
robot,0,0,0,15
《区块链真面目》（试行版）,0,0,0,610
中国互联网私人进化史,0,0,0,49
Python初级实战项目,0,0,0,106
运营小咖秀干货合辑,0,0,0,54
智能的宇宙,0,0,0,164
小黑屋：游戏创作之旅,0,0,0,6119
明明白白生活中的保险,0,0,0,312
EDG的兴衰,0,0,0,20
破译生活的密码,0,0,0,83
产品动态,0,0,0,105120
生命、自然与人,0,0,0,65
闲话体坛,0,0,0,1517
风花雪月聊健康,0,0,0,243
互联网动态,0,0,0,41
美国红枫-弗里曼槭“秋火焰”100问,0,0,0,208
蜗牛小谈,0,0,0,1799
海底喋血——核潜艇,0,0,0,1864
《小P理财》专刊02期：玩转信用卡,0,0,0,328
超人类主义,0,0,0,21
一个价值2300万亿元的事实,0,0,0,156
在寒冷的冬天，你需要一朵花的温暖,0,0,0,174
今日扯灋,0,0,0,1136
Tech Things,8.0,16,0,12581
简简单单学Android,7.8,16,0,46558
闪念俱乐部,0,0,0,106
公益咨询,0,0,0,7
浅薄哲学,0,0,0,92
我在日本写代码,0,0,0,72
《世界》,0,0,0,46
去野外,0,0,0,561
1.99,49956738333484881541347372
玩物尚志,0,0,0,68
人类的核心优势,0,0,0,26
Android源码解析录,0,0,0,407
地图的世界，那么近那么远,0,0,0,1929
iOS开发集锦,0,0,0,46
《消费者报道》商品对比测试报告,0,0,0,68
蚂蚁药事,0,0,0,24
Coder启示录,0,0,0,2665
家庭保险规划,0,0,0,186
性别观念革命,0,0,0,1166
做个靠谱的领导,0,0,0,65
创业者说,0,0,0,36876
明日大雨——永不干涸的流动哲学盛宴,0,0,0,28
物联网视角构建产业新格局,0,0,0,61
IT绝世高手,0,0,0,125
兴趣编程：如何让电脑弹奏乐谱,0,0,0,509
麻省理工学院媒体实验室,0,0,0,120
我来告诉你，咳嗽不用药可以，怎么治好,0,0,0,101
Copy2China,0,0,0,10432
地球往事——纪录片中的感人故事,0,0,0,169
脱壳,7.6,13,0,10614
《PM笔记》,0,0,0,21
无声生有声,0,0,0,308
人生就此做主,0,0,0,26
那些发生在整形科的事,0,0,0,308
我的女友是牙套妹,0,0,0,150
光影物色：电影技术发展史,0,0,0,1021
产品猎人,0,0,0,235
1.99,1951741602241363641415520
科学那些事儿,6.6,13,3.99,1740
书信馆,0,0,0,18
拾星记,0,0,0,709
霹雳将军,0,0,0,490
数码,0,0,0,3
2.99,35422622574312919462019
独角兽的故事,0,0,0,256
社交新零售,0,0,0,139
朔望晦弦,0,0,0,29
