和鸾雍雍,9.0,55,0.00,10984
花园街,0,0,0.00,924
相濡以沫,9.6,38,0.00,13435
平凡的移民生活,9.4,22,0,37891
空港：云霄路上,9.4,311,0,3604441
超五星体验,9.4,253,0,1627086
一个朋友,8.8,153,0.00,37921
向爱而生,9.2,101,3.99,38798
你心底有花开,9.0,339,2.99,39069
老公孩子一起养,9.8,22,0,24541
我们的5次求婚,9.2,38,0.00,14922
试管医生手记：八细胞的承诺,9.6,60,0,44312
金融街没有爱情,8.2,2863,1.99,438075
美国职场宫心计,9.0,96,3.99,16715
优质末等生,8.2,15,0,31417
硅谷爱情故事,8.8,1272,0,9729481
月光谣,9.2,16,0,36875
8090离婚记,9.2,46,0,74125
从二而终,9.2,28,0,65491
六姊妹,9.6,281,0,4304332
大龄处女有什么问题,8.2,987,1.99,135358
女帅,8.6,1229,1.99,103695
失业33天,8.0,807,0.00,141116
关于结婚的一场倒叙,8.4,40,1.99,8237
潮汐预报,8.6,82,1.99,12192
流沙,0,0,0.00,274
手臂糖,8.4,72,1.99,14862
泸沽湖之夜,8.2,2012,0,135672
涉外助理,8.8,587,5.99,270629
空港,8.6,3748,1.99,454669
水落鱼梁浅,8.0,487,1.99,37229
在巅峰上高潮,7.4,22,0.00,7750
念念,9.0,243,2.99,38693
新闻将在秋日死去,8.8,623,1.99,64850
急诊室伤痕女神,8.6,976,1.99,167663
美国职场宫心计--番外篇,9.6,31,1.99,1996
急诊室伤痕女神：生命之光,9.2,124,3.99,30775
安全期,8.2,1754,1.99,160529
性格与慢性病,9.0,522,2.99,135492
单身在线（特别修订版）,9.6,593,4.99,216398
开除,8.6,196,1.99,19015
我们为什么结婚,8.8,92,0,630653
一丝不挂,8.0,947,1.99,116740
这单车还有幸福可借,8.8,455,1.99,56860
鹅小姐的培训指南,8.2,414,1.99,58896
角色,8.0,509,1.99,37324
我和我的佛系老公,9.2,352,0,595114
朋友圈,8.8,347,2.99,79763
治孤,9.0,1874,1.99,215772
单身在线,9.0,1302,4.99,554258
剩斗士徐蔓,8.4,92,4.99,29402
的战记,9.0,136,0,520650
女房产经纪,8.6,314,1.99,34484
朝阳门,9.0,26,4.99,9278
妇产科女医生,8.2,1729,1.99,182752
香港备胎,8.0,341,3.99,113773
海阔天空（完整版）,9.0,244,5.99,95433
小飞侠,8.6,1724,1.99,173485
鼓浪屿,0,0,0.00,2459
花朵之舞,9.8,41,0,68870
海阔天空,8.6,413,1.99,52289
贤媛,0,0,0,74
斑马你爱不爱我,8.8,644,1.99,36994
如果影子会说话,8.6,236,1.99,17542
黑梦,8.4,364,4.99,133289
男男男男男男！,8.0,346,1.99,44724
香港的风,8.2,116,1.99,23848
战无不胜的祝小姐,7.8,1678,1.99,138585
我尚未到达的地方,8.0,882,1.99,78060
三美图,0,0,1.99,1765
补心,8.6,64,0.00,11026
活在美国：步步为陷,0,0,0,2586
天乌乌,8.2,18,0.00,4509
悲伤故事的美好结局,7.4,79,1.99,2722
太阳底下,7.6,628,1.99,31508
抬棺人,7.4,389,1.99,12884
理短情长,0,0,0,3161
不如归,8.4,44,0.50,0.50,6836
你好，再见,7.6,1284,0.00,149026
非||常道,9.0,38,1.99,4801
风花,9.2,82,3.99,24109
谈不了恋爱的B小姐,8.4,111,2.99,2.99,33804
离职大师,6.8,341,1.99,15777
卷发大魔王,0,0,0,1456
零下四十七度,0,0,0,631
消逝,8.0,252,1.99,17664
围城内外,8.8,146,1.99,22554
采购女王,8.6,193,1.99,12332
最后一封情书,0,0,0.00,1553
公关小姐,6.8,867,1.99,61797
我三十八岁的做作,7.8,479,3.99,131731
四月海,7.4,487,1.99,43118
憨豆先生的午餐时间,0,0,3.99,632
你是个好人,8.0,136,1.99,5709
暗夜旅行,0,0,0.00,228
斯嘉丽小姐,8.6,167,0,1262684
棋子,7.2,325,1.99,8567
她们的故事,5.4,126,1.99,2525
清白之年,8.4,261,1.99,23602
最好的时代,0,0,0,7502
艺管小姐,8.0,185,1.99,6603
空巢青年,7.6,568,1.99,29811
流莲,9.2,157,7.99,61552
单身黑历史,7.6,87,1.99,2827
楼月芳菲,0,0,1.99,272
先疯少女组,6.8,84,0.00,2840
夜夜夜夜,7.6,724,1.99,41077
敏娜之爱,0,0,0,144
小记者大江湖,7.8,26,4.99,3441
均值回归,7.8,1193,1.99,67169
莲城式相亲,6.6,85,1.99,2151
三年一天,7.2,315,1.99,11514
鄙视链,8.2,235,1.99,20233
原来梦想可以丈量,7.2,152,1.99,5598
情迷博弈,7.4,11,1.99,2012
与杜小姐的七日谈,7.2,18,1.99,730
以卵击石,6.2,89,1.99,3794
二姐,0,0,0.00,641
水碗,8.2,24,2.99,5984
灯塔,7.4,139,1.99,3984
玛格丽特的红咖啡,6.0,327,1.99,14256
戒烟的猫,8.6,33,1.99,5004
你睡了，我醒了,8.4,358,1.99,51327
校办主任,6.8,76,1.99,2371
好吧，樊城俊,5.4,155,1.99,3419
出走,8.2,549,1.99,31116
失忆蝴蝶,7.2,164,1.99,5413
纪念日,8.4,84,10.00,6130
有处可逃,8.0,15,1.99,1868
女博士的现代爱情 ,4.0,227,1.99,19932
白晓晓职场逃亡记,7.8,437,1.99,38674
像孩子一样去爱,5.6,244,1.99,7260
长成,5.4,325,1.99,6341
我叫庄如锦,7.2,77,0.00,3200
中南商学院,6.4,155,1.99,3422
瓷娃娃,7.2,74,1.99,1053
苏怡的二三事,8.2,27,1.99,1145
女教师秘史,0,0,1.99,782
重回往昔,0,0,3.99,645
破土的春芽,8.2,1060,1.99,104826
忧郁的新娘,8.2,141,1.99,6306
职海轻舟,6.2,95,1.99,2447
北有乔木，展在心中,0,0,1.99,403
好喝不过白开水,5.6,276,1.99,5548
我非英雄,0,0,1.99,368
忘年交,0,0,1.99,252
白色栀子花,0,0,1.99,801
姐姐快跑,7.6,11,0.99,1019
黄金屋里颜如玉,6.8,454,1.99,44538
小银行,7.6,604,1.99,29687
薛定谔的单身,7.2,193,1.99,8127
往事难忘,5.6,376,1.99,36794
亲爱的杀手,8.8,16,2.99,5478
夜姬,7.6,897,1.99,72604
虚荣,0,0,1.99,1157
画图狗,7.2,391,1.99,17965
穿越千里去上班,7.0,356,1.99,12369
长沙沙水水无沙,0,0,0,7
公关,6.6,176,1.99,7766
我当然爱你，只是你不知,0,0,1.99,1984
贝林的智齿,7.0,301,1.99,6654
茶子木十,8.0,1081,1.99,25485
克莱斯大饭店,7.2,664,1.99,43619
单身日记,0,0,1.99,364
嫁不嫁是另一回事儿,6.8,158,1.99,5193
对不起，先生，我吃素,5.2,197,0.88,0.88,4201
老燕,7.8,396,1.99,24327
致爱丽丝,6.8,284,1.99,8345
龙舌兰日出,0,0,1.99,185
灵魂的变迁,0,0,1.99,269
再见，大小姐,0,0,1.99,432
把无聊的日子打扮成小说,0,0,0.11,0.11,236
点到为止,7.6,470,1.99,51784
女同事和摄影师,8.2,11,0.99,682
叶工,5.8,64,1.99,1000
操场,4.2,77,1.99,983
水袖,0,0,1.99,1264
追梦人,5.2,76,1.99,1383
中场休息,7.2,267,1.99,3798
面纱,0,0,1.99,1067
爱与白日梦,7.6,118,1.99,8827
不再回首,6.4,70,1.99,2817
必须荒废的夏天,7.8,80,1.99,1912
外面的世界,0,0,0.99,382
风生水起叶未落,6.6,134,1.99,4367
拜托了，审计小姐,0,0,0,236
贪心的曾小晚,6.2,360,1.99,10051
卡罗尔,0,0,1.99,162
玉城,0,0,1.99,253
毕业一年,6.2,131,1.99,2442
银行柜员,6.8,340,1.99,12635
流转的，不停的，清晰的,6.6,362,1.99,13277
有时晚风凉,7.6,319,1.99,8208
不沉默年代,7.6,162,1.99,8023
择偶条件,0,0,0,125
被荷尔蒙拐跑的女人,7.6,532,1.99,23205
跃出水面的鱼,8.8,78,1.99,7634
大牛,7.0,450,1.99,12792
明日天涯,7.0,18,4.99,3005
乌鸦飞过格桑花,6.8,272,1.99,6608
嗑瓜子的女人,7.4,11,0.99,958
我害怕练习瑜伽的自己,0,0,0,177
不典型辞职,6.2,277,1.99,5786
橙色气球,6.0,254,1.99,4292
大女人联盟,6.8,120,1.99,3467
分手后的那一年,0,0,1.99,740
柏拉图协定,0,0,1.99,326
花尸,7.6,22,1.99,667
一个东京女孩在上海,8.8,33,2.99,7656
建筑女工的一天,0,0,1.99,362
黑白颠倒,7.8,79,1.99,3681
这一无是处的爱情,0,0,1.99,744
寒窑,0,0,1.99,413
鳄鱼的眼泪,7.2,11,1.99,1675
黄小姐的单身游戏,0,0,1.99,186
坐柜,6.8,320,1.99,7771
一个人的恋爱,6.8,12,1.99,442
魅惑,4.8,65,1.99,1444
青雨清秋,0,0,1.99,66
一无是处的漂亮女人,0,0,1.99,210
红裙,7.6,16,1.99,737
单身狗是怎样炼成的,0,0,1.99,330
追气球的女人,7.6,164,1.99,4332
可可香,6.8,293,1.99,12796
强拆风暴,7.2,93,1.99,3052
从早到晚,7.2,99,1.99,3233
狼与狈,0,0,1.99,789
景慕桑榆,0,0,0,17
敏女的心事,0,0,1.99,92
你的努力终有回报,7.6,14,1.99,941
半夜是回家的好时候,8.6,62,1.99,10959
红豆,7.6,11,1.99,579
她的国,0,0,1.99,645
情迷博弈II,0,0,0,518
昨日星光,0,0,1.99,125
跟我一起，吃汤泡饭吧,6.8,153,1.99,3239
遇见更好的自己,0,0,1.99,380
四季芳菲,7.0,16,1.99,545
星光灿烂月儿静,4.4,131,1.99,1969
母爱,8.0,27,1.99,2360
One Art,7.8,13,1.99,427
25，30，35,0,0,1.99,323
流水线上苦涩的青春,4.6,258,1.99,5362
林荫之道,0,0,1.99,113
心语,0,0,1.99,320
青柠,7.2,12,1.99,694
对他说,7.4,47,0.99,2152
剩女的桃花期,0,0,1.99,287
三十岁的女人,0,0,1.99,394
中女的丧与勇,0,0,1.99,253
女人的抉择,4.6,278,1.99,5205
三流女教师,0,0,1.99,456
粉饰太平,7.0,299,1.99,6833
无法抚慰,0,0,1.99,165
金台夕又照,7.2,469,1.99,47276
告别,7.2,27,1.99,3501
孙悟空！你哪里走？,0,0,1.99,240
静香,0,0,1.99,402
进入单身,0,0,1.99,839
储若,5.8,314,1.99,4813
或许一个人,0,0,1.99,547
西南的雨丝,0,0,1.99,536
一只家猫的三次转身,0,0,1.99,279
有人会爱，有人则不,0,0,0,49
三十岁的夜晚,6.6,342,1.99,12916
一个人的博弈,0,0,1.99,474
孙晴晴的独立人生,0,0,1.99,489
名利场,7.4,198,1.99,6377
出走的猫,7.0,145,1.99,2328
我不是狗仔,0,0,1.99,488
祈晓,7.8,152,1.99,5530
成长,7.0,73,1.99,2981
不是环肥燕瘦,7.8,76,1.99,1786
摇篮,6.2,269,1.99,7610
彭博之约,6.2,287,1.99,5455
天赋的梦,6.8,16,0.99,514
小围城,0,0,1.99,354
老板，你好,6.4,134,1.99,4718
相谈,6.8,58,1.99,1709
海阔天空 II,9.2,154,1.99,22456
费尔维尔,0,0,1.99,241
爱情满屋,7.8,741,1.99,51875
小城女工,8.2,686,1.99,40749
铠甲,7.8,13,4.99,2703
爱丁堡火车站谋杀案,0,0,0,55
落雪夏成殇,0,0,1.99,246
Single六人夜谈,0,0,1.99,109
凌寒独自开,7.4,139,1.99,5076
内部竞聘,0,0,1.99,688
婚姻之殇,0,0,1.99,762
远宸,0,0,1.99,174
凌晨之夜,6.2,52,1.99,975
荷尔蒙定律,6.6,60,1.99,1671
潋滟香,0,0,1.99,437
出口,0,0,1.99,342
择城,6.4,140,1.99,1890
外遇,5.8,24,1.99,2596
飘儿,0,0,1.99,168
不嫁,0,0,1.99,241
过客,0,0,0,128
间隔年,0,0,4.99,3913
重回普林镇,0,0,0,33
无妄,5.8,249,1.99,7971
风起了,5.4,82,1.99,1834
荒野来的女人,0,0,1.99,704
我们错过的年华,0,0,0,5
爱在升职ing,5.4,67,1.99,1465
庙小妖风大,6.8,114,1.99,3612
单身时代,7.6,16,1.99,557
或重于其他山,6.2,31,1.99,1576
聚光灯外,7.2,334,1.99,18543
此意经年不作别,6.8,264,1.99,19174
春归何处,8.2,71,1.99,2465
重启,0,0,1.99,283
人生的108场会议,6.8,160,1.99,4637
选择,0,0,1.99,989
致A君,0,0,1.99,156
是谁偷走我的温柔,0,0,1.99,1575
花园街,0,0,0,576
愿赌服输,7.4,12,1.99,1100
以爱之名,0,0,0,76
別了知了,0,0,1.99,177
女人的舞场,8.2,22,1.20,1.20,10458
请像正常人一样去恋爱,0,0,0,2617
女神请闭眼,6.0,328,1.99,5997
我和徐先生的十年友谊,0,0,0,10
总想搞个大新闻,6.6,281,1.99,4072
步步为营,5.6,264,1.99,4461
一场和利己主义者的战争,7.4,29,1.99,1147
安茹是女神,7.2,11,2.99,1738
我不是流氓,0,0,1.99,376
夏天的春天,0,0,1.99,178
夏始春余都等着你,0,0,1.99,221
火花,6.8,323,1.99,9808
女家,7.0,59,1.99,1286
布宜诺斯艾利斯之春,0,0,1.99,254
串儿,0,0,1.99,231
走钢丝的女人,7.2,270,0,7344
平凡之路,6.8,345,1.99,6057
富一代,5.4,127,0,13628
梦想城市,4.2,73,1.99,790
风起青萍之末,6.2,134,1.99,3868
编剧也疯狂,5.2,115,1.99,3565
谁还留在晚霞外,6.2,67,1.99,1480
野有蔓草,0,0,0,15
信使,6.8,256,1.99,4523
欲望之城,0,0,0,92
金融街里的白骨精,0,0,0,422
绿谷,8.0,13,2.99,1538
独身公害,8.0,17,1.99,880
我独自生活的朋友们,0,0,0,504
三个女人,0,0,0,6
职心术,5.0,129,1.99,2613
前世今生,0,0,0,23
今时今日陈年旧事,7.0,291,1.99,6730
我是莫魔头,0,0,1.99,692
冬天的红杉树,6.6,107,1.99,5932
小范,6.4,75,1.99,1938
二十五岁的前半年,0,0,1.99,291
左右,0,0,1.99,235
蓝色羊毛衣,0,0,1.99,226
电视恋人,6.8,311,1.99,6833
非洲人,5.0,73,1.99,1329
海边的402,6.2,218,1.99,5775
涉江采芙蓉,0,0,1.99,747
七年之痒,0,0,1.99,356
明天,5.4,78,1.99,966
你的白天和黑夜,6.8,374,1.99,13642
不结婚,0,0,0,456
夜会,5.4,283,1.99,6911
从山顶张望,7.4,59,1.99,1119
陈列之路,0,0,1.00,1.00,269
为什么我们不结婚,0,0,1.99,634
青春的画卷,6.6,140,1.99,3493
独家新闻,7.2,287,1.99,17968
夏末 ，32℃,0,0,1.99,316
空气凤梨,0,0,1.99,85
前姻后果,7.6,13,0,30987
丑女历险记,0,0,0,9
我的四大生涯,7.2,669,1.99,38306
失衡,6.0,264,1.99,8366
牵你走过独木桥,6.8,48,1.99,1151
南北,0,0,0,15
25,0,0,1.99,291
美好的 遇见,0,0,1.99,223
海星,0,0,0.99,578
新浮生六记,0,0,0,13
航行,0,0,1.99,170
单身的人是可耻的,6.8,65,1.99,1602
单行向北,0,0,1.99,295
楚辞二十四岁的单身生活,0,0,0,46
不爱的第四个句号,0,0,1.99,611
龙船花,7.6,16,1.99,566
秋已尽日尤长,6.4,66,1.99,2040
相亲那件小事,0,0,1.99,571
从咖啡馆到冰淇淋店,0,0,1.99,190
指随心动,7.6,80,1.99,1948
祝融,0,0,1.99,144
结婚,7.0,131,1.99,2684
雷峰塔,0,0,1.99,45
余安,0,0,1.99,181
米妮，向前冲！,7.4,609,1.99,75273
生性凉薄,6.0,81,1.99,1841
保险代理员之死,7.4,69,1.99,2190
双失记,0,0,1.99,349
迷路的夏天,0,0,1.99,407
半局棋,0,0,1.99,343
她的荒诞史,0,0,1.99,208
宝妈归来,7.4,321,1.99,13247
爱之将死,0,0,0,617
高校教师,6.4,88,1.99,2163
槐宿,6.2,74,1.99,970
女作家和她的女儿,0,0,1.99,384
女人依梅,7.6,162,1.99,4040
青衣与花旦,0,0,1.99,119
美错,6.2,148,1.99,3476
鲸鲨,7.0,240,1.99,7556
千面女上司,7.0,27,1.99,675
茕茕惜缘,7.2,16,1.99,478
悯花,0,0,1.99,156
白山雪满,6.8,76,1.99,1359
明珠,0,0,1.99,27
路过万水千山,0,0,1.99,242
鸡柳下船前的六天,0,0,1.99,370
意囧,0,0,1.99,318
蚂蚁,0,0,1.99,271
青鸟,7.4,55,1.99,1521
当你走进我的小宇宙,0,0,1.99,133
身心已过万重山,0,0,1.99,229
假寐,5.8,68,1.99,1806
迷失在胡同里,7.8,13,1.99,1544
你本不必平庸,7.6,493,1.99,22202
单身小姐,7.2,140,1.99,3415
我在故宫隔壁上班,6.4,522,1.99,25162
邢好好注定孤独的生活,0,0,1.99,260
好梦难圆,0,0,0,57
女员工的覆命失败之旅,0,0,1.99,584
谢谢你离开我,6.6,19,0.50,0.50,1738
家,0,0,1.99,236
八美图,6.6,51,1.99,1426
相见恨晚谢图南,0,0,0,6
为爱情单身,0,0,1.99,440
相逢是首歌,0,0,0,278
从清晨到日暮,0,0,0,13
基层公务员成长记,0,0,1.99,1202
阳春面,6.0,331,1.99,6917
朴文的河流,6.6,64,1.99,1646
那一年,7.0,74,1.99,2499
毕业十年,6.8,64,1.99,1980
再见了，斯德哥尔摩先生,0,0,1.99,126
心镜,0,0,1.99,234
双色女博士,6.6,69,1.99,2157
明尼苏达的秋冬春夏,6.8,59,1.99,1915
全世界冲过来的公共汽车,0,0,0.99,676
她们活在21世纪,5.0,126,1.99,1529
隐秘的情人,7.6,14,3.99,2295
我的一段写作经历,0,0,1.99,775
似是阿修罗,6.8,132,1.99,2467
香港备胎,8.2,172,0,227802
逸弈者,5.4,199,1.99,3312
我是一个事业编的90后,5.2,287,1.99,10551
寻觅,7.8,365,1.99,12789
淡爱,8.2,235,1.99,3499
我的奋斗（Ⅰ）：农村女孩艾一的作家梦,0,0,0,830
爱是一种偶然,0,0,0,215
偏爱,0,0,0.99,139
太阳的姿势,0,0,0,48
逃离,0,0,1.99,839
向日葵,7.0,61,1.99,1243
麻辣老师的麻辣情,7.6,19,1.99,977
少女的剑,0,0,0,199
裸婚十年,0,0,0,364
慢慢喜欢你,0,0,0,9
活到三十岁,0,0,1.99,655
晚来风,0,0,1.99,181
极至嫣然,4.8,256,1.99,7102
谁见幽人独往来,0,0,1.99,494
奔跑吧！苏苏,0,0,0,146
在时间的长河里，刻舟求剑,0,0,0,214
一个没志气的电台女主播,7.6,702,1.99,40212
不曾被辜负的遗忘,0,0,0,38
良朋故侣孰我有,0,0,1.99,35
幽落,0,0,0,76
赵萌没有和他去民政局,7.6,12,1.99,1958
独行星,0,0,1.99,171
与枕俱醒,0,0,1.99,273
风铃,0,0,1.99,475
上海女人,0,0,0,54
比林英雄传-安琪儿传,0,0,0,112
张桃桃的短篇小说们,0,0,0,44
我的二十几岁,0,0,0,12
嚣伯和云藩,0,0,0,36
风采争艳,0,0,1.99,172
向日葵之死,0,0,0,3
我的爱是一场大雪落在你心上,0,0,1.99,546
一个人的爱情,0,0,0,9480
如风,0,0,0,274
想和火锅谈场恋爱,0,0,0,191
archiPM测试4,0,0,0,0
渣男启示录,0,0,0,24
比林英雄传-安琪儿传,0,0,0,112
张桃桃的短篇小说们,0,0,0,44
两棵树,6.4,64,1.99,1736
最最遥远的距离,0,0,0,49
奋不顾身,0,0,0,3269
雨季,5.8,267,1.99,4054
archiPM测试4,0,0,0,0
最最遥远的距离,0,0,0,49
几乎爱情,4.8,46,1.99,960
我的小概率事件,0,0,0,25
和你不一样的你,0,0,0,153
花心·之一 涧西春梦,0,0,0,683
我们的少女时代,0,0,0,2931
我们这样的人,0,0,1.99,164
恋猫物语,0,0,0,9
丢失性别的人,6.8,110,1.99,2075
斑马线,7.2,14,0,2938
大胆说爱我,0,0,0,864
我想嫁个有钱人,0,0,0,37
阔水浮萍,0,0,0,38271
五胡明月,0,0,0,23
陶艾艾的情事,0,0,0,25
贤良淑德的女子,0,0,0,76
深宅大院,0,0,0,14
不完全追星battle,0,0,0,19
超敏人生,0,0,0,5
一个人是一座岛,6.8,341,1.99,16502
懒慢记,0,0,0,32
发结情缘,0,0,0,59
告别,7.2,142,1.99,2862
灰姑娘的水晶鞋,6.2,280,1.99,8422
千帆阅近 见此邂逅,0,0,0,133
别韵别离,0,0,0,42
血染落梅尽尘埃,0,0,0,13
恨嫁林粒,0,0,0,336
我在等你，全世界都知道,0,0,0,6
神奇的云鱼国,0,0,0,60
告别,7.2,142,1.99,2862
Ladies,0,0,0,211
予你钟情 · Falling for you,0,0,0,89
程曼,0,0,0,6
一起喝柠檬苏打水吧,7.4,19,0,2622
恨嫁林粒,0,0,0,336
异性·同居人,0,0,0,6
我在等你，全世界都知道,0,0,0,6
破蛹,0,0,1.99,119
神奇的云鱼国,0,0,0,60
她总在恋爱时写作,0,0,0,24
程曼,0,0,0,6
一路走来,7.8,24,0,3542
异性·同居人,0,0,0,6
25岁，没有遇见爱情,0,0,0,214
口红,0,0,0,614
当我们谈不安全感时，我们谈论什么,0,0,0,100
恋爱税,7.4,167,1.99,3062
后心经,0,0,0,9
在漫长夏日的尽头,0,0,0,16
25岁，没有遇见爱情,0,0,0,214
后心经,0,0,0,9
那年，我初涉江湖,0,0,1.99,488
关于约炮那点事：小猫和羊,0,0,0,179
减分制,6.0,49,1.99,1393
娃娃呦娃娃,0,0,0,97
为爱再出发：单亲妈妈的成长故事,0,0,0,42
故乡的游客,7.8,141,1.99,6142
面具,0,0,0,11
秘密,0,0,0,14
像她那样的女孩儿,0,0,0,3461
在漫长夏日的尽头,0,0,0,16
夏诀,0,0,0,813
山鬼之爱,0,0,0,44
爱你如初,0,0,0,13
涅尔俄兰达之墙,0,0,0,3290
白色墙壁深爱的花痕,0,0,0,9
她在灵堂之上,0,0,0,20
南湘的IVF计划,0,0,0,14
城市忧伤笔录,0,0,0,11
春山青,0,0,0,9
天敌,6.8,326,1.99,9914
逝去的清晨,0,0,0,37
刚好遇见你,0,0,0,40
现世挣扎,0,0,0,75
这个夏天恋上你,0,0,0,17
郑太太的罗曼蒂克,8.6,34,1.99,4488
Summer,0,0,1.99,508
我这一家子,0,0,0,15
她们,0,0,1.99,132
海阔天空 III,9.0,64,1.99,5384
一天,6.6,384,1.99,6619
冥想盆里的那颗星,6.6,56,1.99,1571
寂寞如初,7.2,61,1.99,1719
谁人识君心,0,0,0,268
生死,0,0,0,32
味,0,0,1.99,415
柠檬,0,0,0,51
山寨之王,8.6,23,5.99,2861
Done,0,0,0,107
且与白云期,0,0,0,45
上海幸运儿,0,0,0,1600
美好如期而至,0,0,0,57
春浊,0,0,0,100
魔都的奢侈之路,0,0,0,145
你丫想啥呢,0,0,0,44
《杀死那只圣鹿》,0,0,0,59
代王后之死,0,0,0,461
爱无止境,0,0,0,10110
恋爱这件小事儿,0,0,0,19
玫瑰只盛开一次,0,0,1.99,1360
偏惹蔷薇,0,0,0,20
白夜之歌,0,0,0,5
绯色穿越,0,0,0,34
爱情暴食症,0,0,0,376
绝对孤独,0,0,0,90
海上记事,5.8,229,1.99,3920
你们是谁,0,0,0,112
茧,0,0,0,46
左岸生活,0,0,0,72
山间的Ballerina,6.2,42,1.99,620
《曾与你那么近》,0,0,0,9
天乩之白蛇传说改编一宿命,0,0,0,12
空白的岔路口,0,0,0,19
我的闺蜜李婉儿,0,0,1.99,660
沼泽里的人,0,0,1.99,567
心愿,0,0,0,704
不要质疑我对你的爱,0,0,0,21
不谈感情,0,0,0,44
你爱我吗？,0,0,0,113
格子手帕,0,0,0,64
长公主成长史,7.6,12,1.99,405
恁时相见早留心,0,0,0,307
渡过远山,0,0,1.99,299
电商女王,0,0,0,71
年龄，你能把我怎么样？,0,0,0,235
失控的女神,6.8,69,1.99,1258
原地沸腾,8.2,97,1.99,4037
我的名字叫红,0,0,0,46
想你的旧名字,0,0,0,22
我在昨天等着你,0,0,0,16
第十一个火星人,0,0,0,55
燥 动 的 金 子 城,0,0,0,8
刀尖舔奶,0,0,0,37
随风飘,0,0,0,219
鲸来,0,0,0,35
早餐只吃面条的女生,0,0,0,44
总裁，你的逗逼萌妻又逃跑啦,0,0,0,211
舞蹈教室,7.4,14,0,7109
单身婚姻,0,0,1.99,563
青春的句号,0,0,0,10
冷雨炎情，众里荨萱,0,0,0,351
想重新认识你一场,0,0,0,75
晚安书店,0,0,0,41
前男友公寓,0,0,0,24
现在从你开始,0,0,0,32
斯德哥尔摩的情人,0,0,0,13
一个女人的爱情浮世绘,0,0,0,1046
你说爱像云，要自在漂浮才美丽,0,0,0,20
梦醒时分,0,0,1.99,234
我想我们该说点什么,0,0,0,28
红与江月,0,0,0,43
爱吧，大不了死掉,0,0,0,69
