绝对血块虐杀,7.8,20,0.99,1600
写作的内观,9.2,192,0,59862
一条迷影狗的自拍,9.0,46,1.99,9106
好奇录,8.2,20,2.99,6882
六朝文选,0,0,0.00,1737
空间—影像：电影的未来,7.8,25,0.99,4809
摇滚乐入门级装腔指南（上）,8.4,216,0,23465
《老子》兵道,0,0,1.99,490
重返乐园,7.2,13,1.99,2364
你知道的太多了,7.6,572,0,25123
那些在豆瓣阅读写作的人,7.8,130,0,27181
地狱里的中国,7.8,27,3.99,4032
加拿大的面子和里子,0,0,0.00,1109
我们如何与这个芜杂的世界相处,7.2,1318,0,158165
美国性格,7.4,459,0,24133
回响与疏明,8.6,35,1.99,10920
销金帐,8.8,25,2.99,6520
惊鸿小札,8.8,58,0,189533
星尘旧梦,7.4,24,1.99,5571
教自己写作,9.2,71,0,91475
异星异客,8.6,42,1.99,2593
浮光掠影照圆桌,0,0,0.00,592
写作课：作家是读出来的,0,0,0,90
那些下蛋的鸡,8.2,83,1.99,5744
沸腾的齐柏林,8.2,26,2.99,2672
《三国演义》细细聊,8.0,21,0,41955
艺术家们,0,0,0,406
寻找一种声音的岸,7.0,23,0,7193
向死而生的自由人,8.4,186,1.99,27749
红楼梦人物详解,0,0,0,37826
浆果与流转之诗,0,0,3.99,708
诗经谈：参差荇菜,0,0,1.99,3018
你好，要不要点本书？,8.8,34,2.99,4634
文史边角料,7.8,312,0,32399
摇滚乐就是认真生活,8.2,44,1.99,6507
槽意人生,9.6,24,0,10891
鲁迅、胡适与王小波,0,0,0,674
全世界的恋我都失一遍：情爱电影随笔,0,0,0,32147
爱是什么，我还不知道,0,0,0.99,827
玉狐梦话西游记,8.8,89,4.99,14128
见山又是山 ,8.0,44,1.99,5578
8.4,195,19.99,39083386663500717826135591221411818121551224411379
摇滚青春好相伴,0,0,0.99,997
面试奇谈-投行小女求职之路,0,0,0,10891
石头筑梦,0,0,1.99,1156
《哈利·波特》隐藏情节与伏笔解读指南,0,0,0,530
编辑部的鸡毛,7.4,98,1.99,3737
闲音散律,7.6,38,0,3013
段子嘴，逗比心,0,0,1.99,1708
另类女性,9.2,68,0,24947
还魂记,8.2,138,0,8372
行走在坚忍的大地上,0,0,1.99,770
声色场所,0,0,1.99,527
我爱问小樱2,6.8,41,0,8640
美国人在操心什么？,7.8,111,0,6472
我是一个新疆人,8.6,56,1.99,3744
我们如何与这个芜杂的世界相处（第2辑）,7.0,138,0,20318
镜鉴《金瓶梅》,0,0,4.99,5262
心理学读书笔记,0,0,0,2511
人物杂字,8.2,34,0,4059
理想青年读书法,7.4,205,1.99,24164
时代的改变者,9.2,57,2.99,8410
三位科学怪人和一位“西马”哲学家,0,0,1.99,265
安哲罗普洛斯的电影书写,8.2,109,0,5987
人性的暴烈与温柔,8.0,115,0,22927
运动群像,0,0,1.99,934
昨天的炊烟,0,0,0,2982
朝向逃逸：洪常秀的尴尬,0,0,1.99,1363
伟大的电影,0,0,0,11666
猪的幸福,0,0,1.99,940
古诗觉醒,8.0,12,0,32324
灯花集,0,0,0.99,711
东瀛影像修理铺,0,0,0,2460
一字一画,7.0,29,0.99,1731
飞雪录丨吹尽狂沙始到“金”,0,0,0,171
三个夏天,0,0,0.99,1123
有谱的金庸与没谱的古龙,0,0,0,400
一个自媒体人的自我修养,0,0,0,69
锦瑟无端,0,0,0.99,844
六朝文选 | 导读译文,0,0,0,1181
西游日记——在英国的一年半载,0,0,0,519
闲话红楼梦,0,0,0,603
读武侠小说那些年,7.6,12,0,29415
我们为什么那么喜欢玩游戏,0,0,0,21762
写给中国人的常识课,8.2,16,0,12948
给你的故事打根铆钉,0,0,0,1315
每一次遇见都是一次成长,0,0,1.99,722
我所知道的报纸,6.8,14,2.99,2299
戏味,0,0,1.99,97
我的德国生涯,0,0,1.99,2158
说书人,7.0,46,0,2928
亚文化阅读笔记,0,0,0,1697
古龙十二钗,0,0,0,766
心理咨询随感录,0,0,0,30917
我在日本做公务员,0,0,0,6084
诗与人,0,0,0,94
后摇恩仇录,7.4,102,0,7873
坐在马桶上，想诗,0,0,0.10,0.10,1067
某年某月某日,7.2,77,0,21144
8.0,26,6.99,8150569252327745414493551344533723356
中国经典摇滚MV赏析,0,0,3.99,168
画廊上的游吟诗人,0,0,0,18536
野闻录,0,0,0,626
项目经理聊游戏,0,0,0,2066
骚乐集（一）,0,0,1.99,136
尔谈艺术 Art Issue,7.4,27,0,47027
导演的自我修养,0,0,0,8484
千鸟,8.0,46,0,4308
小说家书桌,0,0,0,1018
心生话影,0,0,0,11350
花间一壶酒,0,0,0,1329
小说学思录,0,0,0,1269
收割三池崇史,0,0,0,21364
你知道的太多了（二）,7.8,113,0,15819
过年无事，来读读鲁迅的《故事新编》,0,0,0,1284
喜马拉雅天梯：通往雪域秘境之路,8.2,161,0,21815
电影，作为纯粹的艺术,0,0,0,588
宇宙尘埃与玫瑰庭园,0,0,0,3564
龟城迷踪：后摇亦何言，Tortoise诚能复,7.4,21,0,1340
拜古龙：仅以此文拜谢古龙之恩,0,0,0,413
离开地平线,0,0,1.99,433
那年江湖路，你爱上了谁？,0,0,0,105
尘世间,0,0,0,143
当时明月在,0,0,0,798
4.99,773808571825543577669120
四琴成网,0,0,1.99,578
酒剑楼,0,0,0,23
春秋战国解,0,0,0,275
拙别灵,0,0,0,12740
这些人把日常生活玩出了花,8.0,124,1.99,14172
我在电影中看见了什么？,0,0,1.99,743
浮生·阅,0,0,0,427
《聊斋志异》中的爱恨情仇,0,0,0,584
谈天说地,0,0,0,161
寻求教育的另一种眼光,7.4,12,0,21747
过时录 1,0,0,1.99,148
少数人的存在,0,0,0,521
或庸俗，或孤独,0,0,0,296
人物事件快速记忆,0,0,0,736
法律可以是美的,0,0,0,17863
钱乘旦《英国史》课堂笔录,0,0,0,530
西马文论文本细读分析及评论,0,0,0,100
空间、氛围与技巧,7.8,21,0,3690
求求你，感动我,0,0,1.99,753
啼笑皆非的真实犯罪案件100宗,6.8,11,0.99,1143
看戏观影聊法律,0,0,0,9387
福尔摩斯的银幕轮廻,8.0,45,0,3669
文艺走笔,0,0,0,211
思想史,0,0,0,304
首尔大学笔记,0,0,0,1328
日本映画乱谈,0,0,0,2469
写在《红楼梦》的边上,0,0,0,46993
我写给我的信,0,0,0,1424
中式蠢人百科,0,0,0,213
成长的代价,0,0,0,2122
价值的折扣,0,0,0,77
这个有瑕疵的世界,0,0,0,1843
伟大也要有人懂--读《金瓶梅》系列,0,0,0,149
周汉林与姚向辉《教父》译本对照辨析,0,0,0,289
金庸十几钗,0,0,0,307
日本科幻人物谱,8.8,26,0,5547
塞满智慧的臭皮囊究竟能走多远,0,0,0,613
夜读西游,0,0,0,984
细品金瓶梅,0,0,0,133
更透彻地写时评,0,0,0,22497
阅读的慰藉,0,0,0,666
林下之风的剧评手册,0,0,0,458
1.99,7256837221116196103125112184103
中二游戏研究院,7.2,17,0,11544
如初遇，如诀别,0,0,0,64304
隐藏的姑娘,8.0,212,0,39329
梦到春天不来，我久久没有话说,0,0,0,28
时间的针脚,0,0,0,39
《权力的游戏》观后感,0,0,0,367
游荡,0,0,2.99,1013
蜻蜓看电影,0,0,0,325
爱有所爱,0,0,0,525
道是无情却有情——私读古龙,0,0,0,1442
“她”眸——经典与影响力女性电影解读评述,0,0,0,33
当我被困于西欧之北,0,0,0,315
《史记》读后感,0,0,0,1360
封言风语,0,0,0,4904
我曾爱过TVB,7.8,37,0,63978
成为研究生,0,0,0,13045
这些电影值得被铭记,0,0,0,29594
乜观三国,0,0,0,157
谁的职场不小白？,0,0,0,3893
林下之风的韩剧手册之2018夏秋篇,0,0,0,17208
我本单身,0,0,0,43
圣经思想录,0,0,0,99
死亡家,0,0,1.99,136
细微处看《红楼》,0,0,0,168
克卜勒少女回忆录,0,0,0,19
帝都漫走,0,0,2.99,1601
6.00,1457129211981196173128121105136125
电影复写,0,0,0,313
艺文类聚丨第一聚丨黑色幽默,0,0,0,241
女神那些事儿,0,0,0,3279
影人志,0,0,0,258
30嵗，人生剛開始,0,0,0,40
诺贝尔文学奖新论,0,0,4.99,1309
没文化研究,0,0,0,20267
光影独舌,0,0,0,1447
我爱问小樱,6.8,136,0,4910
从天堂到电影院,7.0,16,0.99,1041
卦事奇谈,0,0,0,436
作家侧写稿,0,0,0.99,515
大聪简片室,0,0,0,141
39631528720628129
专门剧透,0,0,0,2135
谈谈读过的茅盾文学作作品,0,0,0,54
桥下春波绿,0,0,0,560
樱花树和熊猫,8.6,72,0.99,4766
后影迷时代,0,0,0,2700
A Final Understanding,0,0,0,151
读诗是一种祈祷,0,0,1.99,534
7.6,20,4201319131927051395452404391462415
卦事奇谈,0,0,0,436
点解开悟博弈之门,0,0,0,322
青春手账,0,0,0,200
女神那些事儿,0,0,0,3279
没文化研究,0,0,0,20267
光影独舌,0,0,0,1447
专门剧透,0,0,0,2135
30嵗，人生剛開始,0,0,0,40
总部那些事,0,0,0,95
影人志,0,0,0,258
大聪简片室,0,0,0,141
39631528720628129
桥下春波绿,0,0,0,560
A Final Understanding,0,0,0,151
左手拿刀，右手拿叉，把生活慢慢享用,0,0,0,137
尚有来处，未知归途,0,0,0,30
闲话中国,0,0,0,12
Isonomia,0,0,0,79
鱼形幻想,0,0,0,11
失望的季节,0,0,0,193
总部那些事,0,0,0,95
良辰,0,0,0,45
众生相,0,0,0,54
我看世界的方式,0,0,0,42
那些电影里我们的故事,0,0,0,66
闲聊王者荣耀,0,0,0,64
食色在野,0,0,0,9
景象,0,0,0,11
拙阅周刊,0,0,0,62
《胜诉》,0,0,0,12
重度逻辑,0,0,0,142
闲话中国,0,0,0,12
人生苦旅,0,0,0,20
嘿！读书会,0,0,0,53
点解开悟博弈之门,0,0,0,322
笑林广记,0,0,0,953
秋倏杂谈,0,0,0,357
陪你度过漫长岁月,0,0,0,175
枝繁叶茂,0,0,0,33
爵士传奇,7.2,11,0,12621
宇宙和平爱基地,0,0,0,19
采采诗情,0,0,0,271
我的高三,0,0,0,38
暴风雨的午安,0,0,0,67
愿逐月华流照君,0,0,0,40
闷闷闷,0,0,0,11
你最有趣,8.8,43,3.99,10515
樟树池塘,0,0,0,14
拉片课——那些你从未认真看过的生活流佳片,0,0,0,491
青春手账,0,0,0,200
晓窗里,0,0,0,372
没发誓做了不起的人，也不想这样过一生,0,0,0,31
客地灯寒梦远,0,0,0,54
鱘鰣光,0,0,0,5
一条戴帽子的狗,0,0,0,12
自律,0,0,0,21
水霞叙事集,0,0,0,23
随笔一,0,0,0,37
饭团粑粑,0,0,0,140
诗乡寻梦,0,0,0,53
生活的意趣,0,0,0,267
一双还算大的人文眼,0,0,0,49
为什么读书,0,0,0,38
文一西路,0,0,0,8
红尘谱,0,0,0,30
大头怪你为什么要歌唱,0,0,0,18
猪八戒与嫦娥,0,0,0,59
客地灯寒梦远,0,0,0,54
一本书的摘录,0,0,0,48
新儒家文化探索心路--论语笔记（1）,0,0,0,79
加拿大的面子和里子,0,0,0,140
在美术馆当志愿者,0,0,0,20
除了鸡汤， 我拿什么来安抚你的灵魂,0,0,0,30
餐秋,0,0,0,25
说苏,0,0,0,527
请为了伟大的文学而死,0,0,0,13
喜老爱庄,0,0,0,18
啊神咖喱,0,0,0,10
一双还算大的人文眼,0,0,0,49
不及斋曰,0,0,0,8821
文一西路,0,0,0,8
1411103584033418317913525073175
一不开心就看书,8.8,249,2.99,29720
一字一悟,0,0,0,69
如丧的一百种表达,0,0,0,53
好莱坞的黄金时代,0,0,0,288
海深时见鲸,0,0,0,167
《论语》里的天道密码,0,0,0,492
杂记,0,0,0,25
听江客栈,0,0,0,156
有趣的意思,0,0,0,26
天地间行走的苏格兰牧羊犬,0,0,0,104
杂碎,0,0,0,188
随笔集,0,0,0,52
读史笔记,0,0,0,34
女觉察——一个假小子的性别看法集,0,0,0,212
救救“痴人”,0,0,0,23
重读经典,0,0,0,6227
流落的北京,0,0,0,145
天堂行者,0,0,0,83
不尽长江,0,0,0,2518
细说水浒,0,0,0,229
我的教育培训创业历程,0,0,0,152
一字一悟,0,0,0,69
如丧的一百种表达,0,0,0,53
好莱坞的黄金时代,0,0,0,288
海深时见鲸,0,0,0,167
《论语》里的天道密码,0,0,0,492
杂记,0,0,0,25
听江客栈,0,0,0,156
有趣的意思,0,0,0,26
天地间行走的苏格兰牧羊犬,0,0,0,104
杂碎,0,0,0,188
随笔集,0,0,0,52
读史笔记,0,0,0,34
女觉察——一个假小子的性别看法集,0,0,0,212
救救“痴人”,0,0,0,23
重读经典,0,0,0,6227
流落的北京,0,0,0,145
天堂行者,0,0,0,83
不尽长江,0,0,0,2518
细说水浒,0,0,0,229
我的教育培训创业历程,0,0,0,152
娱打滚儿,7.2,11,0,29551
我的全部努力，不过完成了普通生活,0,0,0,181
我不要你死于电影院,0,0,0,1801
自立草堂杂记,0,0,0,488
当食指触到电影,0,0,0,4456
日本·影像,0,0,0,2003
刘子说道,0,0,0,4112
云南好色记,0,0,1.99,1926
我仍爱着TVB,0,0,0,4283
翻页的光影,0,0,0,2462
起风了,0,0,0,43
哲学·人生·文学,0,0,0,727
陕西风俗轶事,0,0,0,23
丼 風船 醍醐味,0,0,0,2259
等雨停,0,0,0,31
上坟记,0,0,0.99,289
揭竿记,0,0,0,689
生活有理,0,0,0,37
品人录——品评影视剧中的人物,0,0,0,412
集叶,0,0,0,12
雜文堂,0,0,0,46
我和先生的三两小事,0,0,0,19
光影潮生曲,0,0,0,272
活字游,0,0,0,129
遇见你，温润了流年,0,0,0,1086
医生·理发师·教师,0,0,0,181
时间的碎片,0,0,0,68
横七顺四砖窑影话,0,0,0,415
依依不舍,0,0,0,33
春雪，融泥......,0,0,0,41
我要学习系列,0,0,0,226
谁的大学不迷茫,0,0,0,170
清心谈,0,0,0,17
读聊斋札记,0,0,0,64
寻找爱读书的你,0,0,0,56
裂缝,0,0,0,18
人人都爱看电影,0,0,0,46
冷眼向阳看世界,0,0,0,662
百态,0,0,0,37
横看成岭侧成峰,0,0,0,23
碎碎念,0,0,0,178
人生就此做主,0,0,0,26
归来少年,0,0,0,212
电影圣经,0,0,0,20
伤者，自愈！,0,0,0,13
《从0到1》发散,0,0,0,127
阮芸痕古琴答疑百篇,0,0,0,86
晦兮晨星,0,0,0,37
穆尔提丙,0,0,0,36
教育是怎样炼成的——颠覆你对教育的认知！,0,0,0,17311
思考集,0,0,0,10
粉丝们久等了,0,0,0,79
1.50,185133123171311433
叙事的玩法,0,0,0,3356
失败日记---一个普通人想赚钱的心路,0,0,0,60
先生书房,0,0,0,39
6.99,188104101951510111415
游戏时光,0,0,0,716
水浒小人物系列,0,0,0,110
青春十年的小记录,0,0,0,142
银河系漫游指南,0,0,0,72
5.00,6114203741358511714815114845
谈恋爱这事儿,0,0,0,81
5.99,987731710708411083504949
一块鸡肋,0,0,0,64
从电影看中国,0,0,0,25
听说你也见过他,8.0,43,0.99,3915
3.90,2921418131935521532936731937690
八丁目,0,0,0,440
我是人,0,0,0,17
男人是否都一样,0,0,0,1545
明眸看你我,0,0,0,265
一个小二线城市老青年的日常,0,0,0,48
不要叫醒我 等我自己醒来,0,0,0,15
留学两三事,0,0,0,30
观影赏乐指南,0,0,0,103
2017/2018赛季NBA周刊,0,0,0,73
撒哈拉沙漠都下雪了，我还未等到喜欢的你,0,0,0,302
人间就不指南编辑部,0,0,0,87
村庄最后的两个季节,0,0,0,131
微言剧评,0,0,0,84
爱读书的孩子不用学英文,0,0,0,437
老兵不死,0,0,0,324
乐动我心弦,0,0,0,101
尘境心影录,0,0,0,4376
胡思乱想,0,0,0,49
小裁缝杀恶龙救公主的烂俗故事新编,0,0,0,166
胡闵之专栏,0,0,0,52
赛赛一毛赛,0,0,0,32
非著名：电影评论与推荐,0,0,0,1359
我，就现在,0,0,0,7
不要叫醒我 等我自己醒来,0,0,0,15
《生活俗语》,0,0,0,8
胡闵之专栏,0,0,0,52
狄达尔的传媒周记,0,0,0,81
孤独者的酒杯,0,0,0,14
五毛集,0,0,0,56
浪漫的逃亡,0,0,0,40
人的本质,0,0,0,102
猫国,0,0,0,29
夜空中的星光,0,0,0,82
我想和他们谈谈,0,0,0,21368
站在边线,0,0,0,864
别人在讲的故事,0,0,0,159
白焰集,0,0,0,23168
我哥们的弟弟叫陆天,0,0,0,165
一韩说创业,0,0,0,20
活着——《我的团长我的团》观后感,0,0,0,209
书里书外,0,0,0,1746
写给蜗牛的一些信件,0,0,0,48
纸上谈兵，画饼充饥,0,0,0,7246
Just dú it,0,0,0,57
影与歌,0,0,0,160
临安夜雨,0,0,0,40
香港电影大长篇,0,0,0,2304
独立精神,0,0,0,498
当镁光灯闪耀时,0,0,0,842
如何说话让学生乐于接受你的任务,0,0,0,50
行者无疆,0,0,0,56
随心所欲,0,0,0,44
保研党的晚饭讨论,0,0,0,80
我和电影书籍的那些事,0,0,0,14
回忆是没有尽头的路,0,0,0,125
话三国,0,0,0,99
随身携带的避难所,0,0,0,10880
悲观主义者的自述,0,0,0,578
知识撩人,0,0,0,102
幸福其实很简单,0,0,0,43
Penny的人生旅行日记,0,0,0,45
自述●挂念,0,0,0,1
书生,0,0,0,11
晨曦英雄的小黑本,0,0,0,12
光读不写，雁过无痕,0,0,0,23
现在的我,0,0,0,14
樱眼看书,0,0,0,97
西北叙事,0,0,0,387
遗珠书评,0,0,0,96
回归文本．悦读鲁迅,0,0,0,128
可它就是这样过去了,0,0,0,51
乔木笔记,0,0,0,13
小趣味,0,0,2.99,623
晚风集,0,0,0,3
写给她的第999封情书,0,0,0,19
西乐导览,0,0,0,34
议《退步集》,0,0,0,77
我见我思,0,0,0,4
烂漫的时代：趣读《世说新语》,0,0,0,7277
以复古创造时髦的摇滚偶像,0,0,0,15
职场妖怪图鉴,0,0,0,32
假装是影迷,0,0,0,1878
《故乡与亲人》,0,0,0,614
从三十岁开始,0,0,0,177
小刘侃封神,0,0,0,990
无数出梦的戏剧,0,0,0,11771
那些金光闪闪的电影,0,0,0,2692
0.99,203200182169192169235154155144
资深蚂蚱,0,0,0,833
性与政治,7.6,22,0,3461
'希小希'的独特电影影评,0,0,0,6166
我与过去,0,0,0,996
深深深森呼吸,0,0,0,11
画不成话——散论国画,0,0,0,68
让我们顺便聊点音乐,0,0,0,26299
1.99,8447096426339868
想世间造物搬兴废—和文科生聊聊进化论,0,0,0,77
娱乐人间事,0,0,0,123
日常365,0,0,0,33
明皇与杨妃,0,0,0,460
每月一个21天主题挑战,0,0,0,41
商道维新,0,0,0,7
在咸咸的鱼生里我在想什么,0,0,0,26
无题,0,0,0,37
毁灭式治愈,0,0,0,24
点滴,0,0,0,767
窝在家里看侯麦,0,0,0,71
逃跑的少女,0,0,0,23
《哭过的泪，做过的梦》,0,0,0,42
寻光集,0,0,0,16
明皇与杨妃,0,0,0,460
《微书话1018》,0,0,0,151
作旧句子,0,0,0,7005
商道维新,0,0,0,7
每月一个21天主题挑战,0,0,0,41
无声的惊雷（思想随笔集）,0,0,0,39
在咸咸的鱼生里我在想什么,0,0,0,26
异星异客 II,7.8,11,1.99,519
1.99,5120449251761160770739635566741612
毁灭式治愈,0,0,0,24
再见凯鲁亚克,0,0,0,256
《哭过的泪，做过的梦》,0,0,0,42
春雪抄：映画笔记,0,0,0,4716
夜星之上,0,0,0,143
妈妈与我,0,0,0,87
近视集,7.8,11,0,45282
读人笔记——100位斜杠榜样的文字力量,0,0,0,1758
电影：秒读，妙解！,0,0,0,587
主妇养成记,0,0,0,2380
野蛮的教育,0,0,0,62
26号诗,0,0,0,17
昨日檄文,0,0,0,773
猫的眼睛和它的爪子,0,0,0,65
囡囡夜话,0,0,0,317
无处安放的诗,0,0,0,136
文学歪史,7.8,11,0,503
在冷酷仙境里暖游,0,0,0,27
浮生故事,0,0,0,1589
每日谈,0,0,0,75
在胶片上流浪,0,0,0,804
露从今夜白,0,0,0,1605
吾稿,0,0,0,19
都市女人故事,0,0,0,8
创意奇才修炼手册,0,0,0,464
活在电影的世界里,0,0,0,722
学习随笔,0,0,0,12
亲情，带辣味的反思,0,0,0,861
读书笔记,0,0,0,58
我的裸辞日记,0,0,0,314
独自等待,0,0,0,27
假装没看见,0,0,0,20
九点说,0,0,0,13
孤独的人有他们自己的泥沼,0,0,0,158
洛丽塔：我的生命之光，我的欲望之火,0,0,0,26
日记,0,0,0,40
非差评占比,0,0,0,11
随笔,0,0,0,109
他的偏旁,0,0,0,2947
逆流成河,0,0,0,321
陈言呓语,0,0,0,28
论文那话儿,0,0,0,44
三国杀高手秘籍,0,0,0,24618
眼睛想抚摸（姜广平散文选）,0,0,0,88
文史天空中的流星,0,0,0,1169
从头来过,0,0,0,173
我家后花园有个核电站,7.0,17,0,2348
中国独立电影导演访谈录,0,0,0,4429
一条抑郁的狗,0,0,0,6
历史就是这么回味无穷,7.8,21,0,57376
为了2016,0,0,0,21190
成长简史：在怀疑中坚持,0,0,0,10
猪叫,0,0,0,69
从电影的窗口望出去,7.6,18,0,1015
慢炖,0,0,0,205
一千零一夜·书祭,0,0,0,879
輸姬看詞—姜夔,0,0,0,4631
爱情,0,0,0,99
【安心馆】——心安处，既归处！,0,0,0,337
传奇,0,0,0,200
Z先生的后花园,0,0,0,129
董小姐拾美记,0,0,0,50
情歌难忘记,0,0,0,43
书影评集,0,0,0,48
路上笔记,0,0,0,35
高考日记,0,0,0,25977
历史就是这么回味无穷,7.8,21,0,57376
我还不知你叫什么名字,0,0,0,408
从电影的窗口望出去,7.6,18,0,1015
故世已去,0,0,0,138
语词概念电影书籍漫谈,0,0,0,24
为了2016,0,0,0,21190
良月聊电影第一季,0,0,0,510
给安的信,0,0,0,39
一千零一夜·书祭,0,0,0,879
在电影中窥见的，正是你我,0,0,0,603
搜神,0,0,0,219
让我教育教育你,0,0,0,9
说晚清 道民国,0,0,0,132
我有一颗蒜，不只是蒜皮,0,0,0,405
推理之瞳--欧美版,0,0,0,57
故园乡情,0,0,0,25
写给你的100封情书,0,0,0,163
心灵是生活之累,0,0,0,696
黄泰随笔,0,0,0,103
浮生随记,0,0,0,33
我最爱喝假酒,0,0,0,60
佛系精神生活指南,0,0,0,616
给孩子们讲古代文学,0,0,0,41
历史人文,0,0,0,57
电影情书,0,0,0,15450
时间工程师,0,0,0,11
瞎子看电影,0,0,0,469
精神的日常,0,0,1.99,186
意识流,0,0,0,414
成长之路,0,0,0,423
西哲漫谈,0,0,0,669
杂书经眼录,0,0,0,821
行走在路上,0,0,0,10
圣经电影故事,0,0,0,56
乘着光掠过影,0,0,0,80614
桔子电影评论,0,0,0,65
8.0,14,0.99,9798426739103682382036253894366036473857
绘本启示录（二）,0,0,0,592
不是为了对照,0,0,0,742
平淡复归于平淡,0,0,0,1973
细思极恐读红楼,0,0,0,78
自醉集,0,0,0,856
二十一岁的回忆录,0,0,0,162
理财进行时 | 我的小白理财学习笔记,0,0,0,193
随笔,0,0,0,201
LuryOnWine,0,0,0,19
《心》病,0,0,0,677
当我们讨论性别平等，我们在讨论什么？,0,0,0,17
考研必须经历的二三事,0,0,0,49
胡思乱想,0,0,0,11
分析的劳役,0,0,0,170
msiy,0,0,0,17
今天,0,0,0,3
书影中世界,0,0,0,375
十五年,0,0,0,121
诗客酒魂谈诗歌创作,0,0,0,518
不想发出声音时发出的声音,0,0,0,68
小百说专栏 第一部,0,0,0,189
你永远无法预知未来,0,0,0,862
大道至简,0,0,0,45
杨锡章的短诗,0,0,0,5494
电影随笔,0,0,0,2305
泥巴随想,0,0,0,74
写在2017,0,0,0,64
游魂十五日,0,0,0,25
船长读画,0,0,0,217
0,0,0,0,52
想写时 就写写,0,0,0,30
复仇者联盟：和超级英雄一起成长,0,0,0,65
重读《唐诗三百》,0,0,0,116
杰西卡的读书笔记,0,0,0,17
香港影视歌,0,0,0,40
京师异闻录,0,0,0,32
历史的烟尘,0,0,0,210
...,0,0,0,35
偷得浮生,0,0,0,5
墓碑里的平昔,0,0,0,26
「摄影谣言」,7.4,13,0,25470
徘徊,0,0,0,30
读经典武侠 悟快乐人生,0,0,0,208
电影电视剧观后感,0,0,0,39
三十六记,0,0,0,55694
“枪花”往事,9.2,27,0,10274
阿克塔翁的悲剧,0,0,1.99,184
人生消磨,0,0,0,54
轻叩柴扉觅故人,0,0,0,79
艺文与营销 如何兼得,0,0,0,70
妈妈去世前的那三年,0,0,0,255
今天也是平淡无奇的一天,0,0,0,60
爱新觉罗·阿宋,0,0,0,34
哲人本横行,7.2,11,1.99,795
我曾遇见同样的你,0,0,0,122
魏晋风骨一放翁·曹魏卷,7.2,23,0,59099
家园笔记,0,0,0,13
不确定思考,0,0,0,281
现代诗真好玩，文论真好玩,0,0,0,3420
网络生活,0,0,0,8
地铁行思录,0,0,0,53
与它十年,0,0,0,60
活在单身的日子里,0,0,0,98
《论语》南山夜语,0,0,0,768
自己的园地,0,0,0,26
脚步慢下来，才能看到更多风景,0,0,0,107
人生的定义是什么？,0,0,0,20
昭和小集,0,0,0,105
一逝烟火 一枕凉笙,0,0,0,373
夜行记,0,0,0,12
隔壁那桌人,0,0,0,33
一个小角落,0,0,0,7
lucy的日记,0,0,0,12
突然好想你,0,0,0,152
SolidSoil的书架,0,0,0,62
去动物园上班,0,0,0,26
随感,0,0,0,49
想想和叨叨——不深刻读书笔记,0,0,0,84
天使在人间,0,0,0,1820
南岔往事,0,0,0,31
家训传承——立身行事之道,0,0,0,215
华语电影之东拉西扯,0,0,0,8999
脚步慢下来，才能看到更多风景,0,0,0,107
举个栗子! Tableau技巧,0,0,0,104
臭屁先生，你好！,0,0,0,52
英美影视评论集,0,0,0,165
 好莱坞巨星 贝蒂·戴维斯,0,0,0,297
一读就懂的《红楼梦》,0,0,0,73
兰香九州,0,0,0,35
2018年世界杯随感,0,0,0,325
百家爱,0,0,0,108
电影里的人怎么了——电影与心理学,0,0,0,162
曦莹的草稿簿,0,0,0,76
最坏不过余生都是回忆,0,0,0,106
人为什么要努力,0,0,0,75
闲话：沉渣淘淘,0,0,0,28
共生关系,0,0,0,102
雪夜与风花,0,0,0,1761
一尘风月外,0,0,0,38
剪影（时光）,0,0,0,705
三两事之书评,0,0,0,11
小二拆书集,0,0,0,214
影像泡泡糖,0,0,0,30
生活备忘录,0,0,0,110
对不起大家，我不开心,0,0,0,417
小巷笔记,0,0,0,70
生活美如斯,0,0,0,231
蜜糖不甜,0,0,0,194
昆南杂感,0,0,0,222
守望乡愁的狗,0,0,0,493
女性的自我觉醒,0,0,0,1409
旅见不鲜,0,0,0,1060
读书心得兼散文,0,0,0,83
虾吃,0,0,0,110
笔端游离,0,0,0,130
就让我随意一点。,0,0,0,111
我的德国生涯系列,0,0,0,1939
返乡手记：乡村的贾跃亭和乐视,0,0,0,11
如果可以,0,0,0,26
kafkG微型小说连载,0,0,0,79
丹凤眼猪,0,0,0,161
平凡姑娘的平常生活,0,0,0,62
听见,0,0,0,1446
堂堂十记,0,0,0,328
昨夜朱楼梦,0,0,0,30
民国大师玩微信,0,0,0,51
我的成长日记,0,0,0,218
《洒家之言》——看不清世界的我想睁眼,0,0,0,16
闲话：沉渣淘淘,0,0,0,28
曦莹的草稿簿,0,0,0,76
剪影（时光）,0,0,0,705
旺旺屋,0,0,0,300
三两事之书评,0,0,0,11
明拳理，述拳论！,0,0,0,118
影像泡泡糖,0,0,0,30
职场趣谈,0,0,0,412
拾记,0,0,0,6
闲读《堂吉诃德》,0,0,0,63
小二拆书集,0,0,0,214
听见,0,0,0,1446
词记,0,0,0,26
堂堂十记,0,0,0,328
闲读《堂吉诃德》,0,0,0,63
昨夜朱楼梦,0,0,0,30
你在英国有点远,0,0,0,61
Hi，姑娘，我记得你！,0,0,0,59
浮光掠影,0,0,0,68
职场趣谈,0,0,0,412
旺旺屋,0,0,0,300
明拳理，述拳论！,0,0,0,118
无知者无味,0,0,0,56
当代·我·生活,0,0,0,13
《洒家之言》——看不清世界的我想睁眼,0,0,0,16
古风武林榜,0,0,0,131
读书的朝圣之路,0,0,0,123
太阳底下的幸福,0,0,0,83
野狐禅,0,0,0,18
女人,0,0,0,424
给即将21岁的我的一封信,0,0,0,16
吱儿吱儿,0,0,0,36
鱼和海洋的故事,0,0,0,23
我的成长日记,0,0,0,218
一壶茶的时光,0,0,0,182
老司机的车想,0,0,0,12
叹息后的热情,0,0,0,28
拾记,0,0,0,6
民国大师玩微信,0,0,0,51
三十左右,0,0,0,54
MY TALK,0,0,0,11
泛黄的纸,0,0,0,9
情缚,0,0,0,79
望见平凡,0,0,0,259
一个价值2300万亿元的事实,0,0,0,156
Hi，姑娘，我记得你！,0,0,0,59
复古杂谈,0,0,0,229
卷里故事,0,0,0,5
九十度影色,0,0,0,120
考研心理历程,0,0,0,53
女人,0,0,0,424
时光乱炖,0,0,0,24
当代·我·生活,0,0,0,13
声色万象,0,0,0,1746
红泥小火炉,0,0,0,274
情感心话,0,0,0,14
读书的朝圣之路,0,0,0,123
给即将21岁的我的一封信,0,0,0,16
千篇一律,0,0,0,24
南京记事,0,0,0,111
老斯基漂移,0,0,0,61
一个价值2300万亿元的事实,0,0,0,156
一叶,0,0,0,29
风之国：丹麦三年,0,0,0,177
复古杂谈,0,0,0,229
读者的试炼,0,0,0,178
人间喜剧,0,0,0,76
一个在悉尼的中国人,0,0,0,505
我在深圳路过的那些人,0,0,0,10
少年清梦,0,0,0,118
时光乱炖,0,0,0,24
音声燃烬,0,0,0,17
那些路过的人,0,0,0,72
声色万象,0,0,0,1746
红泥小火炉,0,0,0,274
九十度影色,0,0,0,120
这些新片，我帮你看了,0,0,0,20
千篇一律,0,0,0,24
南京记事,0,0,0,111
格拉斯哥不是哥斯拉,0,0,0,7
老牛头日记,0,0,0,9
脑浆瀑布,0,0,0,125
小夏的书评,0,0,0,75
卷里故事,0,0,0,5
我想好好爱你,0,0,0,8
考研心理历程,0,0,0,53
大神之路,0,0,0,23
老郝老好了,0,0,0,30
情感心话,0,0,0,14
走出“高原地带”——姜广平教育随笔,0,0,0,150
奇思与非平凡,0,0,0,18
忘风的不正经影评,0,0,0,13
重构生活的意义,0,0,0,53
（电影推荐）百部优秀与不优秀港产片巡礼,0,0,0,257
影音,0,0,0,14
椰风海韵,0,0,0,8
娱乐怎么看,0,0,0,6871
秋鹿读书志,0,0,0,88
每一个姑娘都有属于自己的歌,0,0,0,1194
愛と正義の少女,7.6,14,0,2617
小人物的留言本,0,0,0,50
给女朋友的检讨书,0,0,0,155
远方,0,0,0,280
月光还是少年的月光,0,0,0,31
这样的大学四年,0,0,0,985
切歌继续向前走,0,0,0,7
烟雨随笔,0,0,0,73
好风长吟,0,0,0,32
电影狂热分子,0,0,0,2686
她们,0,0,0,379
昼夜,0,0,0,110
在电影里虚度时光,0,0,0,517
自然生长,0,0,0,25
偏激的意见和看法,0,0,0,5
谈一谈我在美国的留学生涯,0,0,0,63
张小废的胡思乱想,0,0,0,68
睦章读水浒,0,0,0,263
心中的那只风铃...,0,0,0,18
败者书,0,0,0,185
禅修作家的日常随笔(Part 3),0,0,0,89
不食竹子的熊猫,0,0,0,11
八卦之城,0,0,0,17
影评,0,0,0,48
半个人的遐想,0,0,0,98
清凉斋杂话,0,0,0,36
不要把红领巾系太紧,0,0,0,58
我们的猴面包树,0,0,0,38
那些年，我们一起走过的日子,0,0,0,869
纽约叙谈—这座城和走过的人,0,0,0,8
书与人,0,0,0,904
有话就说,0,0,0,1091
看谁都不顺眼,0,0,0,33049
五官之哀,0,0,0,1789
商业社会与理性意识,0,0,0,38
453394372373355352355356354379
帷幕背后,0,0,0,8474
吃电影,0,0,0,1039
论作者都是精分,0,0,0,72
大家都有病,0,0,0,11742
过山车,0,0,0,21
尼采究竟是个什么人？,0,0,0,1180
随手札,7.8,19,0,12133
影子的马路,0,0,0,44
和姐姐一起玩写作,0,0,0,69
总有些孤独属于你,0,0,0,22
莹透的碎片,0,0,0,48
阅阅集,0,0,0,2007
一些小短篇,0,0,0,27
不得不说的话,0,0,0,97
琨·闲评,0,0,0,3227
未青,0,0,0,323
利雅得初体验,0,0,0,49
告别21岁,0,0,0,38
悠悠亦春秋,0,0,0,10
X-SOUL,0,0,0,178
岁月如诗,0,0,0,26
骨灰人儿,0,0,0,283
冷眼看天下,0,0,0,15
江海漫谈,0,0,0,615
童年的赠礼,0,0,0,158
三国杀人物技能设定之脑洞水浒篇,0,0,0,48
小书童的小随笔,0,0,0,206
