风露刺,8.6,444,1.99,37426
藏剑者 · 贰,9.0,56,9.99,20864
再见江湖,8.4,26,1.99,4346
夜来风雨,9.0,92,0.00,9303
江湖漫游指南,6.8,11,4.99,1696
藏剑者 · 叁,9.2,28,9.99,13587
术刀之美人无泪,8.6,79,0.00,5279
书剑长歌行之相忘江湖,7.4,16,3.99,3.99,5485
书剑长歌行之谁主沉浮,0,0,0.00,671
梨花刀,8.2,26,0.00,2131
酒书,7.4,29,0.00,4185
清雨濯尘归,9.0,51,0,246276
沧浪,8.8,36,0.00,5205
昆仑三圣,9.4,29,0.00,8807
十恶胡作,9.6,1101,0,21565903
一瓣河川,9.2,3141,1.99,200085
春树秋霜,9.2,51,3.99,10698
书剑长歌行之江山风雨,7.8,27,2.99,2.99,5280
书剑长歌行之千里江陵,0,0,3.99,3.99,1489
吴单贾义列传,7.6,37,0.99,1229
碧水青云记,7.8,15,0,271681
剑客与刀疤脸,0,0,1.99,635
死水微澜,8.8,17,3.99,5547
猎手·猎物,9.6,30,0.00,3195
刀王,7.6,495,1.99,34864
禅茶濯剑录,8.6,590,1.99,41468
绝技,8.2,269,0,19452
术刀,0,0,2.99,2314
大比之年 ,8.8,24,4.99,5484
莽侠,8.0,14,1.99,1502
交叉世界的深谷,7.8,87,0.99,2837
冷山寺,7.4,206,0.00,10005
惊瞳,8.0,426,1.99,21041
春江花月夜,7.8,19,1.99,1155
玉蛇劫,8.4,90,0,6347
归去来兮,7.2,34,2.99,9505
江湖四公子之神剑妖刀,9.4,36,3.99,23430
红学会,8.6,293,1.99,12481
太湖烟雨,9.0,26,0.00,2188
不如归,8.4,44,0.00,6811
面人,8.0,13,0,6116
云阙赋（上卷）,7.8,13,5.99,1536
同门,8.0,298,1.99,13523
往尘,6.2,126,0.40,0.40,2671
长安风雪（一）,8.6,84,2.99,7926
雾,8.4,19,3.99,3819
天下无剑,7.2,138,1.99,3774
青衣,5.6,97,1.99,5918
凤羽龙骧,6.8,122,1.99,3595
神探慕容,0,0,1.99,504
停云剑歌,9.4,518,0,2998748
折戟沉沙,5.4,163,1.99,7757
武林残页,0,0,6.99,2265
重生,7.2,18,3.99,1045
六界狂歌行,0,0,0,8248
荒村剑客,8.0,68,0.99,4935
云阙赋（下卷）,0,0,5.99,293
寻青记,0,0,1.99,1842
玉门遮,7.6,11,0.99,0.99,4085
夺标之路,6.4,160,1.99,8880
千山雨,6.2,134,1.99,6315
长战卸甲,0,0,0.49,0.49,3160
去手,8.4,99,0.99,4161
长安风雪（二）,9.4,38,3.99,2858
野鸳鸯,6.6,18,0,2396
枕江南,0,0,1.99,423
不要死在黄土高坡,7.2,84,1.99,2149
一刀一酒尽余生,7.2,237,1.99,14800
血月,7.6,31,2.99,3461
鸳鸯锁,0,0,1.99,611
观止剑,8.0,79,1.99,2809
迟剑行,8.0,287,1.99,15419
巨阙残锋,7.8,18,1.99,1407
我眼中的秦舞阳,0,0,1.99,204
朽者,8.2,350,1.99,17151
常输先生,9.2,19,1.99,2249
梅香,0,0,3.99,690
无痕,7.8,245,1.99,13678
寒光照铁衣,0,0,1.99,272
放鲸记,7.8,11,1.99,1361
风卷黄沙,0,0,1.99,477
茶焚千沐,0,0,1.99,218
天马记,7.8,106,1.99,3174
野王集,8.0,18,1.99,1517
醉歌行,8.0,169,1.99,5370
风月楼,0,0,1.99,1408
吟啸行,7.2,13,6.99,3245
端州记事,0,0,1.99,609
侠魂销,0,0,1.99,733
血色燕云,7.0,113,1.99,7669
南渡,8.0,20,0.99,0.99,3188
狐女苏灵儿,0,0,4.99,1136
荒庙,8.2,383,1.99,25341
少年游,9.0,31,1.99,3677
黑潭旧事,0,0,1.99,256
倚月山庄,0,0,2.99,974
雪寂又凉生,9.4,36,0,23211
牧歌：云裹篇,0,0,0,6419
罗生门·长安,7.8,12,0.00,3746
踏雪山庄,7.2,12,2.99,3359
大明鬼谷,6.2,14,7.99,4678
枯局,7.0,118,1.99,2450
孙葫芦王瓢,7.4,11,0,955
东方不败之再续前缘,0,0,0,161
百花少主,0,0,2.99,1117
白马篇,0,0,0,917
环形佩刀,6.8,168,1.99,4621
后街侠客行,6.6,84,0.49,0.49,1881
秘录侠踪,0,0,2.99,1219
君子之枫叶天下,7.6,12,3.99,1229
睥睨天下,0,0,0,910
刺客人生,0,0,1.99,559
叁月·虹,0,0,1.99,659
青阳城,0,0,4.99,1065
白炽之昼,8.4,23,1.99,1239
余生一剑,6.0,89,1.99,2295
寻枪,0,0,0,8611
归云山庄,6.2,14,1.99,858
地狱执,7.6,153,1.99,2509
兰烬落,8.4,67,0.99,0.99,3409
贰月·残,0,0,1.99,2009
江湖走一遭,0,0,0.99,324
天行有常,6.8,11,2.99,1529
千阳传说,8.0,11,1.99,1603
血色双清巷,0,0,1.99,447
秦凝传,6.8,12,1.99,831
履霜记,0,0,1.99,879
刺青,7.0,17,1.99,511
剑花,0,0,1.99,540
破刀客,5.8,193,1.99,14084
淮城雨,7.6,370,1.99,13488
有离,7.2,221,1.99,9681
侠隐迷踪,6.6,83,1.99,3852
飞花录,0,0,1.99,1330
笑泯恩仇录,6.2,38,0.99,630
死人剑,7.4,117,1.99,8273
长安别,0,0,1.99,397
也无风雨也无情,0,0,1.99,864
无知之剑,6.6,74,1.99,4471
太平江湖,7.6,15,1.99,587
暴雨青竹后传,7.0,90,1.99,2071
临渊,0,0,0,50
风云录,6.8,14,1.99,542
武道除妖记,0,0,1.99,325
乱世游子吟之红尘如梦,0,0,0,21
大劫武林论,0,0,1.99,299
花楼鬼姬,7.2,222,1.99,7348
中州奇侠传,0,0,2.99,172
神雕遗梦永不醒,7.8,17,0,3721
招魂行-驭凤骖鹤,0,0,0,1370
抱素台,7.2,190,1.99,5410
情者刀,0,0,0.99,153
非侠非客庙小寒,7.2,127,1.99,3802
衣带诏,7.8,142,1.99,4466
小刀杀戮,7.0,99,1.99,2690
吴门,7.6,104,1.99,4503
衡山派,8.2,16,0,11404
是谁带来这场大雪,0,0,1.99,150
古事记,0,0,0,3515
正德清阳录,0,0,0,668
剑吼西风,0,0,0,468
《三皇绝》第一部,0,0,0,595
憬,0,0,0,1085
武义录,0,0,0,196
风云纵横录,0,0,0,84
女侠卢月,0,0,0,8
萧郎误,0,0,0,27
纤尘图卷,0,0,0,725
残华非雪,0,0,0,387
铁梨剑,0,0,0,180
不入流,0,0,0,7
重剑,0,0,0,17580
灵兽侠隐,7.6,13,0,10640
渔,7.4,12,0,1305
岁月无声,0,0,0,985
靠近我,0,0,0,977
笑面书生传,0,0,0,152
五花彩剑录,0,0,0,208
丛云离歌,0,0,0,146
仙语江湖,7.6,11,0,223858
慕容燕,7.4,24,1.00,1.00,4116
十五为故乡,0,0,0,27
欺骗,7.2,15,0.99,123
武侠联珠集,0,0,0,87
大地走来我年轻的弟兄,0,0,1.99,912
海棠,8.0,47,1.99,2696
悬匏记,8.0,155,0,68708
关河孤雁,0,0,0,59
魇鸦破梦录,8.2,14,0.49,0.49,761
长问客栈,0,0,0,2968
温酒,0,0,0,1351
江湖大事,0,0,0,172
提灯照山河,0,0,0,1192
江湖百科全书,0,0,0,108
一蓑烟雨任平生,7.6,42,0,23006
分花记,0,0,0,868
女装大佬的侠客天下,0,0,0,54
刀与剑的故事,0,0,0,1276
柏拉图的太阳城,0,0,1.99,216
侠戏,8.2,20,1.99,1875
西擒王保保,7.0,23,1.99,1496
凋零的江湖传说,7.4,16,1.99,438
梦随江流,5.4,17,2.99,625
舞娘,0,0,1.99,66
杀生,7.4,16,1.99,1374
一剑之后,0,0,2.99,340
浪迹,0,0,2.99,829
洛阳明夷录,7.4,244,1.99,10223
清末武侠四篇,7.2,25,1.99,1006
大兵长,0,0,1.99,72
断魂刀,7.4,12,1.99,1048
山风抚云岚,0,0,4.99,815
江湖旧闻录,7.2,73,1.99,2934
唐少侠与杨小姐,7.4,13,1.99,1358
还璧,0,0,0.99,166
蛇影随行,7.0,17,2.99,1920
忘机,7.4,18,1.99,1083
上下无常,7.8,18,3.99,1765
后门,0,0,1.99,289
鸣鸿刀,0,0,1.99,90
囚,0,0,1.99,106
江湖安稳：第一卷,0,0,0,2363
翰墨江湖,0,0,1.99,242
怅梦江南是无妆,0,0,0,165
天龙八部第二季,0,0,0,10558
猛然夜行,6.2,68,1.99,1768
荡寇两则,7.2,14,1.99,110
鸣渊的武林,0,0,0,19
江湖之秋,5.6,71,1.99,1489
江湖夜雨录,7.0,32,1.99,1319
画堂望,0,0,0,12488
铁血锦衣,7.6,19,1.99,2484
乾坤谱,0,0,0,655
风落松梢,0,0,0,89
白苍龙行,0,0,0,158
血宋,0,0,0,642
秦时明月汉时关,0,0,1.99,380
也可情长,0,0,3.99,2260
一剑随心（上）,9.2,233,0,179308
夜的第七章,0,0,1.99,79
灿若如莲,0,0,5.99,1299
藏剑山庄·轶事,0,0,0,120
温柔冢,7.2,21,2.99,922
玉无尘·山雨欲来风满楼 卷,0,0,0,1186
白鹤楼记,0,0,0.99,179
新月传奇,7.8,11,1.99,513
紫微,7.6,19,0,48916
一本不正经,7.6,12,1.99,588
刺帝,5.6,125,1.99,3315
青沙烂,0,0,1.99,277
风华绝代,0,0,0,14
洛阳儿女行,0,0,1.99,456
风沙无痕,0,0,0,161
爱杀,0,0,1.99,362
绝域飞龙,0,0,1.99,1893
对手,7.4,15,1.99,352
1142年的雪衣冠,7.2,85,1.99,2760
昆仑刺客传,0,0,0,5545
手刀,0,0,1.99,65
比武招亲,6.6,151,1.99,4299
屠城,0,0,0.99,162
剑客列传,0,0,1.99,300
路遇狂虎,8.0,11,5.99,2509
明月山庄,0,0,1.99,586
小许飞珠,0,0,4.99,894
爱恨,7.2,12,1.99,324
杀人不眨眼的猫咪臭臭,0,0,0.99,270
飞花录,0,0,1.99,665
十二奇侠,0,0,2.99,521
生还者,7.0,17,1.99,759
侠女孤城,6.2,90,1.99,2915
明月夜,0,0,2.99,2157
断刀沉浮录,0,0,0,620
扬州乱,0,0,1.99,428
山河浮城：第一部 浮世,6.8,11,0,3015
诛心守护,0,0,1.99,663
何以泯恩仇,8.0,130,1.99,3080
惭恩,8.0,36,1.99,2532
离岛,0,0,1.99,705
刀客列传,0,0,0.99,231
千夜,0,0,1.99,116
兄弟,6.8,25,1.99,1626
血溅大王寺,0,0,1.99,158
荒诞故事,0,0,3.99,631
十年一觉扬州梦,7.2,15,2.99,265
大盟主,0,0,1.99,168
凤影迷踪,9.4,51,0,263680
江湖赤子王小侠,6.2,66,1.99,1435
夜兰,5.6,92,1.99,3090
清远幽梦,0,0,2.99,589
青字坊,7.4,143,1.99,3218
一个人的江湖,7.4,11,1.99,1260
夏殊明,0,0,0.99,568
青龙枪,0,0,1.99,230
大理风云之六脉神剑,7.2,12,0,3309
幻剑客,0,0,0.99,122
生死逆袭,0,0,0.88,0.88,1316
刀破风,0,0,3.99,525
九州·凛冰王朝,8.0,13,0,38660
魔灵剑道,0,0,0,765
7.99,1699369113091030289
不死门,0,0,0,596
武林大会,0,0,0,152
崇明遗子回乡传,0,0,0,31
沧浪,0,0,0,174
诡世七流,0,0,0,153
三界摆渡人,0,0,0,93337
无尽谷,0,0,0,110
凤凰冬夏,0,0,0,22422
一江南北,0,0,0,2733
花有月,0,0,0,1662
6.99,198746461616058555956
江湖四公子之神剑妖刀,7.8,12,0,8965
逐影,0,0,0,4218
白羽没苍穹,8.0,46,0,145306
飞鸿逐影录,0,0,0,440
鸿蒙,0,0,0,27
风凌决之启明,0,0,0,28
樱花落,7.0,24,1.99,1055
血邪剑,0,0,0,42
江湖奇案之八月十五,0,0,0,121
烟云十六话,0,0,1.99,250
武林残页（注释版）,0,0,0,1794
风萧易水寒,0,0,0,1157
大梁英雄榜,0,0,0,89
4092511951711601541483544
思念那易逝,0,0,0,37
剑倚姝香录,0,0,0,55
仙侠奇缘,0,0,0,244
江湖传说,0,0,0,127
刀剑斗江湖,0,0,0,185
幽楼世影,0,0,0,27
妖刀系列之汉唐篇,0,0,0,223
剑杪,0,0,0,2265
神汤侠侣,0,0,1.99,95
霜雪霁寒宵,0,0,0,488
驼城弯刀惊江湖,0,0,0,136
释道,0,0,0,36
光尘,0,0,0,1937
武林群侠传,0,0,0,1456
妃不惊人王不休,0,0,0,53
尘落,0,0,0,87
秘教士,0,0,0,64
寒天,7.4,19,0,4760
《屠痕》——之风起临川,7.8,20,0,1289
梅花山情缘,0,0,0,679
云游之鬼祭司,0,0,0,5302
六轮花,0,0,0,17
30.00,116695246484649455252
《千人同舟万人殁》,0,0,0,11
武剑浪人,0,0,0,202
灵兽侠隐·贰,0,0,0,6159
萧瑟秋风,0,0,0,100
满城风云乱天下,0,0,0,81
江浪不息,0,0,0,381
青衫烟雨行【第一册】,0,0,0,2586
背负苍天,0,0,0,471
刀之门,0,0,0,5
《龙国英雄传》,0,0,0,436
捉仙伏魔记,0,0,0,378
大雪满弓刀,0,0,0,1032
拂月流风,0,0,0,63
焚天决,0,0,0,257
青石剑和四少爷,0,0,0,124
龙游天下,0,0,0,11
桃溪浅处,0,0,0,9607
飞羽行,0,0,0,15
骑背上的风与寒光《苍月篇》,0,0,0,182
倾尽天下,0,0,0,159
三彭外传,0,0,0,168
新安公主,0,0,1.99,827
昔我往矣,0,0,0,1655
点苍剑侠传,0,0,0,5087
林门,0,0,0,20
诸人咒（卷一无心咒）,0,0,0,2202
夺碑,7.8,144,1.99,2947
爱欲江湖,0,0,0,136
千睡成仙,0,0,0,149
惊鸿侠影录,0,0,0,193
刀之门,0,0,0,2
擎海阁,0,0,0,417
沧海月未明,0,0,0,11112
神龙诀之好小子,0,0,0,21
5.50,35201511110300
生死逆袭,0,0,0,781
缺月歌,0,0,0,528
魄香,0,0,0,472
10.90,163696151515071495152
看那枫声,0,0,0,9
啸傲江湖,0,0,0,1714
酩酊客栈,0,0,0,89
饮雪•桃花春水里,0,0,0,32
妖精志,0,0,0,15
破竹图,0,0,2.99,444
4.99,178594435363837363636
剑行,0,0,0,41
少女的成长与杀,0,0,1.99,100
同仇录,0,0,0,8571
河图旧闻录,0,0,0,1010
三圣门,0,0,0,58
绑票,0,0,0,194
5.00,6545413942374231
风铃醉,0,0,0,20
《地府工作者见闻录》,0,0,0,18
流云记,0,0,0,2712
秋云无觅处,0,0,0,737
秋墨染,0,0,0,2777
暴君,0,0,0,1989
皇朝往事,0,0,0,193
风雪,0,0,0,197
狂言nba,0,0,0,17
行板如歌,0,0,0,9
一纸江山之七星长剑,0,0,0,73
看新晴,0,0,0,59
【武侠】我只是店小二,0,0,0,43
轻武侠之蒿里行,0,0,0,2468
踏雪山庄,0,0,0,3822
桃花客栈,0,0,0,900
虎枪,0,0,0,231
刀之门,0,0,0,1
风云落马镇,7.2,15,0,10115
黑皮骷髅,0,0,0,47
沧海渺云楼,0,0,0,17321
刀剑如梦,0,0,0,4573
木雪冰龙剑,0,0,0,5789
10.00,5113101210795911
赤子征途,0,0,0,155
《凌云阁》,0,0,0,236
幽云录,0,0,0,46
醉梦之剑三旅程,7.4,17,0,10260
葫芦江湖,0,0,0,152
华山剑圣录,0,0,0,1276
魇鸦破梦录,0,0,0,472
过去心不可有之西域神剑,0,0,0,16
江湖有我,0,0,0,129
救赎,0,0,0,116
那年月下樱花前,0,0,0,56
归去来,0,0,0,8
仙在何方,0,0,0,105
泛轻舟，话江湖,0,0,0,20
哈哈哈哈,0,0,0,33
袖舞箫剑,0,0,0,8886
玉螭吻,0,0,0,2157
输香记,0,0,0,1532
已作废,0,0,0,106
末世唐歌,0,0,0,2027
7.4,15,10.00,147512301186118611891179114611516246
杀手世家,0,0,0,14
明月夜,0,0,0,292
杀手寂寞,0,0,0,282
侠少年,0,0,0,46
10.00,43192015161824171916
谓我何求,0,0,0,98
剑与狐,0,0,0,213
原上雪,6.2,88,1.99,2428
众生日夜相凌迟,0,0,0,323
鲲鹏行,0,0,0,169
蓝璃之恋,0,0,0,43
绝塞恩仇录,0,0,0,89
江湖游,0,0,0,7
漫不经心的侠客,0,0,0,79
霸争,0,0,0,21
群星之末前传 十全会,0,0,0,1551
夜听风,0,0,0,1048
玄武之路·锯客,0,0,0,4019
奇门武器,0,0,0,73
东涯龙吟,0,0,0,7
灵·传奇,0,0,0,961
十八出少林,0,0,0,116
拳谋,0,0,0,240
厉剑乾坤,0,0,0,24
5.99,34147864
曜州大陆,0,0,0,970
龙藏记（卷一）,0,0,0,3195
圣医,0,0,0,1173
魔道之七魂之殇,0,0,0,1144
说书人游记,0,0,0,151
圣火耀万方,0,0,0,767
子竟渡河,0,0,0,12
红尘过客，陌路凉人,0,0,0,127
旅行者之夏,0,0,0,141
白玉为堂之三娘煞,0,0,0,198
卸甲归龙,0,0,0,57785
半月影双浓,0,0,0,132
9.4,54,8.00,3761323831663131311330943087310530893088
江狐传之金银山庄,0,0,0,17740
落雪映飞花,0,0,0,27516
灿若如莲,0,0,0,947
栖凤图,0,0,0,66
天地风云,0,0,0,821
危险小姐,0,0,0,145
青衫传,0,0,0,285
刀，是什么样的刀,0,0,0,382
寸身,0,0,0,7033
寰宇纪年之纵横录,0,0,0,19
月神之血月传说,0,0,0,59
游侠赵三炮,0,0,0,68
想当初年少赴江湖,0,0,0,56
掌门,0,0,0,21
乱世,0,0,2.99,751
都市闯江湖,0,0,0,27
拔元越明,0,0,0,318
侠武王朝,0,0,0,131
斗横场,0,0,0,101
叶轮,0,0,0,33
雾失楼台,0,0,0,40
飘坠随尘土,0,0,0,77
三国外传,0,0,0,35
瑾汐木落——汀兰外传,0,0,0,80
《罗生门·长安》,7.2,20,0,2462
刀戟,0,0,0,31
顾竹传,0,0,0,800
4.99,292240215308214207205202206202
江湖散人笔述,0,0,0,779
山鬼晚灯记之海上生明月,0,0,0,1646
《墓碑传》,0,0,0,11
刺客无心,0,0,0,2355
9.6,115,6.00,118331014999489865983898359785976397619753
独夫,0,0,0,1225
天下无双,0,0,0,300
茫茫浮世·空谷,0,0,0,58
疾风小雨,7.8,13,1.99,551
剑舞风云,0,0,0,368
最是江湖等闲事,7.4,112,1.99,3490
醉意江湖,0,0,0,332
《九个人的仇》,0,0,0,13
君向帝都,0,0,0,92
天刺门,0,0,0,87
青箫墨痕,0,0,0,1417
乱世之下：妖女迷行,0,0,0,2936
逐鹿江州,0,0,0,3277
魔道之楼兰秦人,0,0,0,81
雪,0,0,0,28
短篇画室,0,0,0,19
侠盗恩怨之追捕江湖疑犯,0,0,0,152
墨遥,0,0,0,16
无限师宠,0,0,0,61
流剑映雪,0,0,0,178
剑·液冷,0,0,0,128
去驼月,0,0,0,45
囹圄,0,0,0,218
芥舟,0,0,0,26
大河无水,0,0,0,36
囚笼,0,0,0,23648
6.00,184131123116111108108111109107
7.4,13,3.99,479351335323321307304300300279
木刀奇缘,0,0,0,689
《格桑梅朵》,0,0,0,111
碧海心,0,0,0,1431
阿鼻道,0,0,0,476
山河浮城,0,0,0,11609
千羌柔,0,0,0,53
一别两宽,0,0,0,259
大侠不靠谱,0,0,0,45
《晋野风云录》,0,0,0,639
天动诀,0,0,0,792
铸剑诀,0,0,0,246
39.00,454347321316316290274261261257
宋时英风录,0,0,0,128
荆山玉镯,0,0,1.99,1705
大河无水,0,0,0,36
北地之北,0,0,0,10
囚笼,0,0,0,23648
6.00,184131123116111108108111109107
7.4,13,3.99,479351335323321307304300300279
木刀奇缘,0,0,0,689
碧海心,0,0,0,1431
阿鼻道,0,0,0,476
山河浮城,0,0,0,11609
千羌柔,0,0,0,53
一别两宽,0,0,0,259
大侠不靠谱,0,0,0,45
《晋野风云录》,0,0,0,639
天动诀,0,0,0,792
铸剑诀,0,0,0,246
无边行,0,0,0,24
39.00,454347321316316290274261261257
荆山玉镯,0,0,1.99,1705
新江湖传奇,0,0,1.99,79
大侠系统，侠之真谛！,0,0,0,561
北地之北,0,0,0,10
桃花劫,0,0,0,6
普洱记事,7.2,15,3.99,2688
临安柳梦,0,0,0,419
玉剑门,0,0,0,182
剑驰晴血帖,0,0,0,661
江湖路,0,0,0,64
易心,0,0,0,336
无边行,0,0,0,24
悟空,7.4,129,0,6770
5.99,563126252726242853
妖狐世家 我是九尾狐,0,0,0,539
灵兽侠隐·叁,0,0,0,4589
《六州·箫笛赋》,0,0,0,323
寻剑录,0,0,0,882
青衣蟒袍,7.4,11,0,6332
少女的剑,0,0,0,198
玄武之路·黑白巫师,0,0,0,1349
逍遥游---明,0,0,0,21
世说新史之明月奇英传,0,0,0,98
黄金错刀白玉装,0,0,0,1785
6.99,237176157150142140120117116111
独行天下,0,0,0,15
白玉簪记,0,0,0,20
桃花劫,0,0,0,587
七杀剑仙,0,0,0,3251
希夷门,0,0,0,44
8706376071199093
刀剑画梦录,0,0,0,24
三秋杏,0,0,1.99,84
戏说水浒,0,0,0,40
清平野闻录,0,0,0,72
侠客列传,0,0,0,201
葬花风羽录,0,0,0,563
吟啸行,0,0,0,3548
银月洗剑传奇,0,0,0,1065
青音谱,0,0,0,390
四野伏狼,0,0,0,72
守城,0,0,0,19
白原,0,0,0,107
刺客外传·高渐离,0,0,0,586
大盗下跖,0,0,0,619
剑侠张无酒,0,0,0,413
廉蔺棋馆传,0,0,0,603
蛊,7.8,59,1.99,1548
飞鸟投林,0,0,1.99,63
净出行,0,0,0,11
白羽红尘传,0,0,0,1494
火烛烟云剑,0,0,0,21
星川斗神传,0,0,0,61
石说,0,0,0,182
白隙,0,0,0,2022
荒芜英雄路,0,0,0,2861
寻镜,0,0,1.99,302
昆仑行,0,0,0,94
妖春秋,0,0,0,102
10.00,26469595517141316914
6.99,165101704851475735
爱与自由乱余生,0,0,0,184
白羽红尘传,0,0,0,1494
双魂之天下鸿均,0,0,0,45
蒹葭皇朝,0,0,0,462
刀入鞘,0,0,0,2914
石说,0,0,0,182
逍遥游,0,0,0,302
幸存者,0,0,0,435
溯洄船,0,0,0,74
白隙,0,0,0,2022
日照断刀录,0,0,0,335
寻镜,0,0,1.99,302
秽迹金刚,0,0,0,34
10.00,26469595517141316914
6.99,165101704851475735
庐隐列传之幻天问月记,0,0,0,137
弃卒镖局,7.6,19,0,6870
双魂之天下鸿均,0,0,0,45
10.00,18381767612812364
《聚义庄》,0,0,0,193
侠道,0,0,0,3468
逍遥游,0,0,0,302
溯洄船,0,0,0,74
神之殇,0,0,0,68
秽迹金刚,0,0,0,34
古为今用,0,0,0,1151
一蓑烟雨任平生,0,0,0,23577
寻樱祭,0,0,0,469
重山问,0,0,0,4960
3.99,4113263143093093524241714
庐隐列传之幻天问月记,0,0,0,137
名剑奇侠录之天一有悔,0,0,0,744
阳光灿烂的江湖,0,0,0,40
红梅落雪香九步,0,0,0,106
萧越传,0,0,0,281
欲灭称臣（溯源启示）,0,0,0,6
那一剑的风情,0,0,0,122
秋蓝,0,0,0,11
一笑随风,0,0,0,64
我心随卿,0,0,0,20
一蓑烟雨任平生,0,0,0,23577
天之骄子,0,0,0,423
玉之戒律,0,0,0,50
长江门,0,0,0,336
无为,0,0,0,57
