伟大的电影,0,0,0,11666
武器与人,8.6,24,2.99,7122
暗房,0,0,0.99,406
归期,6.8,14,0,4346
谍海狂澜,0,0,2.99,800
温德米尔夫人的扇子,9.0,222,2.99,22558
玩偶之家,9.2,113,2.99,16238
我主基督,0,0,1.99,173
探险家,0,0,2.99,1000
圣女贞德,9.0,44,3.99,8419
乐游原，明年的这个时候,0,0,1.99,301
成年死亡,7.2,11,0.99,1675
萱箕,0,0,2.99,1796
荣誉之人,0,0,2.99,1273
多特太太,9.0,40,2.99,8643
我的秘密生活,6.8,16,0.99,1137
不可儿戏,8.8,24,2.99,4360
芭芭拉少校,8.6,28,3.99,7127
弗雷德里克夫人,9.2,20,2.99,2777
理想丈夫,9.4,25,3.99,7181
昨夜的双拥路,0,0,1.99,207
鱼仙,0,0,0.99,424
决战前夜,8.6,18,1.99,2252
咖啡店与裂缝,0,0,0,1139
航天器,0,0,0.99,248
默默与粘粘,0,0,0.99,355
左手爱情 右手婚姻,7.6,11,0,1643
杰克•斯特劳,0,0,2.99,2661
乙·甲写作日志（设定总集）,0,0,0,64
天涯,0,0,0,43
毒药【微电影剧本】,0,0,0,72
一只苍蝇的自白书,0,0,1.99,869
剧本的创作世界与展示,0,0,0,67
诗酒渡年华,0,0,0,38
郁闷的基金会主席,0,0,0,28
毒辣佳人,0,0,0,97
我的新娘是个兽医,0,0,1.99,92
元爱（又名：成为女编剧）,0,0,0,49
十分钟零和游戏,0,0,0,97
都市少女奇谈,0,0,0,54
随笔小记,0,0,0,19
白马之音,0,0,0,192
你离开的事实——红雨在野,0,0,0,91
疯人一点点（英文原创幽默短剧）,0,0,0,492
老司机的车想,0,0,0,12
月隐集,0,0,0,75
Carl卡尔| 原创 爱之都的故事 我未来的情人,0,0,0,10
