与暗录,0,0,0.00,392
宇宙奇趣全集,7.2,13,0.00,677
等我胖了再揍你,7.6,478,0,29259
十二个梦,8.2,15,0,1240
先知（中英对照）,0,0,1.99,2751
艾米莉·狄金森诗歌集,0,0,11.99,5759
骰子滚动在漂流瓶里,0,0,0,3334
深夜情诗,8.4,294,1.99,30545
荒原,8.6,17,1.99,2982
修辞狂热,7.0,11,0.99,1494
勃朗宁夫人抒情十四行诗（中英对照）,0,0,1.99,2070
名字是令人发愁的东西,0,0,0,554
自我之歌,0,0,1.99,2974
打飞机,6.2,48,0.99,10339
飞鸟集,7.8,14,5.99,3306
哈罗德·品特诗歌六首,8.0,27,0.99,2362
仪式的焦唇,0,0,1.99,1554
私人生活,0,0,1.99,1621
半衰期,7.6,18,1.99,3190
医荷,8.4,18,0.99,1236
新月集,0,0,5.99,1580
雪中的爱神像,7.6,13,2.99,1445
爱不止是你的深渊,0,0,1.99,3051
银子,8.0,16,1.99,1816
我不因拥有玫瑰而感到抱歉,0,0,0.99,752
养蜂手记,8.2,23,0.99,3137
苏瓷瓷诗集,0,0,4.99,2170
执梦集,7.4,16,0.99,1798
亲吻悬崖,0,0,1.99,1544
有兽音盲如雪,8.0,20,1.99,2184
饿水仙,7.8,21,1.99,1805
安东妮娅·波齐诗选,7.6,21,1.99,6714
独角兽的森林,9.2,41,0.99,5991
光荣物种的爱情,7.2,28,0,4891
谬误缠绕谬误,0,0,0.99,1126
未遂,8.6,25,1.99,2836
我不爱苍生，我只爱风月,8.2,100,1.99,17741
他,9.2,31,0.99,3066
兼职诗人,7.2,14,1.99,3294
诸多令我偏爱的事物,7.8,16,0.99,897
莲花，是水的抓痕,0,0,0.99,340
鲁拜集,7.4,15,0.99,1888
一百种疼痛,7.8,17,0.99,2515
纯白恋曲（散文诗集）,0,0,0,3621
妈妈的乳房和我的小鸟,7.6,87,0,8999
当我在这座城市走失,7.2,57,0,5774
迟迟,8.0,14,0.99,2407
雨中纪事,7.8,18,1.99,1975
病态诗剧,7.0,36,0,2475
画家日记,0,0,1.99,451
每日一首英文诗,0,0,0,2312
钝辞,0,0,0,2018
九毛九,7.2,17,0.99,1643
往事的发条,7.2,30,0,2550
天地间的目光与游戏,0,0,0.99,911
百兽遗言,7.4,33,0.99,988
《漂飞鸟》新译,0,0,1.99,2073
看，那只鸟飞得又高又快，它该不会是鸟运动员吧,7.4,34,0,1612
乔治·巴科维亚诗选,0,0,0.99,863
我爱世界一如当初,8.0,185,1.99,24638
光之渊,0,0,0.99,352
中国房子,7.2,14,0,2331
镜面之光,0,0,0.99,862
结绳纪,0,0,2.99,543
我不习惯秘密,0,0,0.99,476
学习辨别物候,0,0,0.99,1004
一本道,0,0,2.99,1486
出埃及记,0,0,6.00,1197
妈妈不会告诉你的道理,6.0,60,0.99,5615
故乡的诗,6.8,15,0,4308
诗95首,6.6,77,0,9501
混日子,8.0,29,6.00,2988
草叶青窗,7.4,14,0,2267
秋变,0,0,2.99,297
第西天,0,0,0.99,468
罗汉草,7.2,36,0,2538
苏三有路秦魏晋,7.4,31,0,2352
昨日幻象,7.2,57,0,4973
未接房东来电,7.8,15,0,615
来来来，让我们忘了北京,7.2,14,0,1373
不系之舟,7.4,49,0,3717
银诗,0,0,0.99,401
白云国,0,0,0.99,1081
桃花,7.2,17,0,4867
钟声的语言,0,0,1.99,357
去吧，我的诗,7.2,12,0.99,1491
医生会查字典吗,6.6,173,0,3646
野马与孤鸟,7.4,48,0,7398
我的人性如此颠簸,0,0,0.99,1155
云梯计划,0,0,15.00,2276
隐喻间,7.6,82,0,4319
凌晨漫游指南,8.0,11,1.99,487
三次或四次水逆,6.8,30,0,1773
复返,7.0,18,0,927
安静的先生,7.0,55,0,2771
他的天空,0,0,1.99,242
潜水艇疗法,7.0,41,0,2955
蓝,7.4,85,0,11077
总想对谁说起你,8.4,109,0.99,6882
地球以外的时间,0,0,0.99,755
野马的歌集,0,0,0.99,1478
在时光与落日之间,7.0,81,0,6026
新务虚笔记,0,0,0.99,262
寒露集,8.2,215,0,12877
来一诗选,7.8,12,1.99,667
两只蝴蝶要离婚,6.6,136,0,2272
只能如此,7.6,47,0,5340
青空下的钟摆,0,0,0,1118
伐木丁丁,7.6,14,0.99,818
水的往事,6.6,24,0,1974
公车上书,6.2,162,0,4064
感谢世界不曾看我一眼,7.2,20,1.99,4572
小宇宙歌谣集,8.0,13,0.99,832
写给姑娘的诗,6.0,61,0,7714
梦与醉中的古希腊,7.4,23,0,6720
从19岁，给你和自己写诗,7.6,14,0.99,2981
我沉默的爱无以言说,8.6,59,0.99,5582
往日的折痕,7.4,44,0,15871
莎士比亚商籁新译笺注,0,0,3.99,818
困惑集,6.8,42,0,6671
从龟兹到高昌,0,0,0.99,79
卑微刺穿了那些,7.2,46,0,5938
无不无聊都使人做梦,0,0,0.99,890
如烟的飞鸟啊,0,0,1.99,593
未变形前的卡夫卡,0,0,0.99,386
室内诗,0,0,0.99,792
2017-2018 断片集,0,0,0,41
死木,0,0,0.99,822
成都书,0,0,1.99,636
妹妹你终将死去,8.0,275,0,20146
永恒奏鸣曲,8.2,33,1.99,1299
春日列车,0,0,1.99,1337
雨时辰,0,0,0,1715
过期香蕉,7.0,175,0.99,9621
深度脱轨,0,0,0.99,522
少数派,0,0,0.99,415
迷穴,7.2,17,0,3573
孤独者的夜歌,7.4,50,1.99,4530
不能像野兽行走的日子,0,0,0.99,852
八宅一生,0,0,2.99,211
未命名文档,0,0,1.99,421
猫人与诗,0,0,0,64453
瀑布,0,0,9.90,1702
游吟生涯,0,0,0.99,322
唱戏,0,0,0,9502
一纸旧时光,0,0,1.99,623
黑氧,0,0,1.99,521
近似无限接近的你,7.2,161,0.99,38997
不在身边的情人,6.8,32,0,4338
歌集,6.6,12,0,3343
另一种夜晚,7.2,80,0,11090
具象和抽象的人：诗和散文,0,0,0,263
白昼,0,0,0,4367
柔性边界,0,0,0.99,298
进退·第六期,0,0,0.00,278
树梢情诗集,0,0,0.99,1314
清白之年,0,0,0.99,254
枪声仄仄平,7.2,12,0,808
撒旦十章,0,0,0.99,147
之死,0,0,0.99,419
黑氧,0,0,0,3320
昨日之树,7.6,12,0.99,1375
当我盛年时,9.2,24,1.99,4558
拙劣的修辞,0,0,0.99,477
孤独与万有引力,0,0,1.99,1813
九夜诗,6.8,34,0,6030
骑帚谣,0,0,0.99,819
恬静与忧伤,7.6,24,0.99,2116
诗歌学院的劣等生,0,0,0.99,352
典型叙事,7.4,16,0.99,941
红蓼的墓野,0,0,0.99,267
人间美景,0,0,0.99,573
娶一个单纯的女孩,0,0,0.99,320
把你种到另一个星球去,0,0,0.99,331
现代情诗诗集,0,0,0,4088
灰色星期,0,0,0.99,161
巳亥集,6.8,46,0,3870
冬之光,7.6,22,0,3540
毕加索的向日葵,0,0,1.99,501
边缘,7.2,11,1.99,1200
诗匣,7.0,14,0.99,680
十七首孤独,7.4,13,0.99,1291
胳膊分叉，变成了手,7.8,15,1.99,1414
若梦浮生,0,0,1.99,656
迢遥的梦,7.0,36,0,2071
猛虎,0,0,0.99,124
穿过一条街，你在那里烤白薯,7.6,200,0,12152
引吭高歌,7.6,21,0,3946
你看到时，便醉了,7.8,88,0,19296
爱的海洋,0,0,1.99,1397
金风辞,0,0,0,942
飞鲸骑士,0,0,0.99,485
还没有死的是风吹拂的感觉,0,0,0.99,1000
要不要把剩下的桃子都吃了,8.0,55,0,7943
熊猫日记,5.8,97,0,5112
我是刺,7.2,95,0,26387
浮游集,8.0,170,0,20547
不朽的诗魂,0,0,5.99,272
非深度“糟蹋”古诗词,0,0,0,257
不色不香,0,0,1.99,1234
三生有幸生万物,6.8,17,0,975
莫韵唱晚,0,0,0,8
荷马竞技场一号,8.2,18,0.99,649
长句子和短句子,0,0,0,1622
新诗十九首,6.8,53,0,2577
作意书,0,0,0.99,208
那边的乌鸦只能是那种颜色,0,0,0.99,456
人间五月,0,0,10.00,1017
沦陷区,6.8,61,0.99,3563
哑炮,7.2,20,0,1855
整年诗34,2012,7.4,166,0,6420
向晚诗选,6.8,24,0.99,1620
野火集,0,0,0.99,564
星城诗草,7.8,27,0.99,1978
目已集,7.0,50,0,4101
虫子与神灵,0,0,0.99,500
愚人塔,0,0,0.99,656
坐在马桶上，想诗,0,0,0.10,0.10,1067
时间花园,7.8,40,1.99,2661
夜色甜美,0,0,1.99,1111
仓央嘉措《情歌》摹译,7.2,30,1.99,4576
泰坦尼西亚,0,0,0,244
一个拧巴的悲伤者之自白 和诗,0,0,0,858
独行之歌,0,0,0,441
灰鸽翎,0,0,1.99,300
南望山,0,0,0.99,579
鲜焰,0,0,0,1768
迁徙年,7.6,26,0.99,1620
石屋独白,7.4,59,0,1877
我在云上,0,0,1.99,568
我就是一壶苦涩的药,7.6,77,0,5024
呓呓集,0,0,0.99,540
月下散记,0,0,0,120
一只鬼的抒情,0,0,0.99,643
命运与风景,0,0,0.99,185
命中的途,0,0,1.99,441
观心集,0,0,0.99,2262
虚妄的传记,0,0,0.99,160
漂亮姑娘,0,0,0,286
马和这个时代的一份精神契约,7.4,11,0.99,1411
编织的人,0,0,0.99,951
没有伞的人，你要努力奔跑,0,0,0.99,1059
从草叶上跳入世界,7.8,27,0,5003
进退·总第五期,0,0,0,695
她的心静的在下一场雪,7.2,112,0,22288
诗生活,0,0,0,19419
我们,0,0,0.99,958
豹子的花园,0,0,0.99,584
花光了的时光机,0,0,1.99,272
被你全身的雪,0,0,0.99,706
以时间为题,0,0,1.99,267
叙述和抒情,0,0,0,130
永埋尘埃,0,0,0.99,570
宁杭道上,0,0,2.99,295
故乡的秋天,7.0,45,0,9732
当色彩遇见,0,0,0.99,357
日常生活,0,0,0.99,296
恶夜三斋,7.2,13,4.99,529
空想集（修订版）,7.0,46,0,9140
水边漾歌,0,0,0.99,177
时间山,0,0,0.99,388
沙漏,6.4,40,0,2553
孤山,0,0,0.99,666
借刀,0,0,1.99,462
反风景,0,0,1.99,335
小镇的诗,7.8,15,0.99,1365
无忧歌,0,0,0.99,463
消失,8.8,47,1.99,5905
断垣之歌,7.0,14,0,2286
低温动物,0,0,0,2069
刺杀马号街,0,0,1.99,367
一生,0,0,1.99,1166
秋天抄录,6.6,13,0,6590
为你写诗 非你勿视,0,0,0,15766
地下城市,7.2,18,0,2323
虚无之诗,0,0,0.99,485
流亡之歌,0,0,0.99,345
古诗十九首,0,0,0.99,352
迷宫中的小夜曲,0,0,0.99,143
退路不染灰尘,7.2,105,0,6409
莫比乌斯,0,0,1.99,654
有序的舞蹈,6.8,18,0,1272
不锈钢工厂,0,0,0.99,108
荷马竞技场四号,0,0,0.99,241
带儿子到山岗上看望几个他从未见过的人,0,0,0.99,232
小单车有痒痒肉吗,7.8,131,0,4402
秋刀鱼,7.0,45,0,4982
废墟飞鱼,7.0,16,1.99,1353
来，我们来谈谈孤独,7.4,11,0.99,2137
影与沙,7.4,18,0,5075
风凉句与自了诗,0,0,0.99,1492
诗余：鱼的话,7.4,23,0,5786
路口,0,0,0.99,313
找寻京脉,0,0,1.99,154
失真的悬崖,0,0,0.99,1189
Lula Young ,0,0,0.99,851
绿在林梢的闪电,7.4,19,0.99,1105
飞行半空的禁忌,0,0,0.99,496
歌声乍起,6.8,16,0,2973
冷雨,0,0,0.99,230
敏感词,7.2,18,0.99,2605
灯塔、等她,7.8,12,0,4883
瓷器店,6.6,21,0,1468
比利提斯之歌,0,0,1.99,1795
囚徒,0,0,0.99,495
无题,0,0,1.99,455
藏掖的羽毛,7.2,43,0,1553
国王也不了解这条河流,7.2,20,0,2944
荷马竞技场三号,7.6,13,0.99,479
绷带,0,0,1.99,337
删除观众,0,0,0.99,696
北境素描,0,0,1.99,785
分行器一号,0,0,1.99,731
我们怀念身体里的银子,7.6,85,0,11636
被动者得其词,0,0,1.99,154
骑蛇去湖边,0,0,1.99,616
耳东陈,0,0,0,792
三十三朵花与一只蝴蝶,7.2,12,0,3060
印记,0,0,0,145
所有的有意义和无意义,7.6,84,0,10649
寄素帛予你,0,0,0,781
爱恨情仇,0,0,0,20
谬论的生成,0,0,0,2754
下午的沉迷,0,0,0,1675
九草一艾,6.6,28,0,3617
不想当魔法马车的南瓜都不是好南瓜,7.6,141,0,5255
灯火阑珊,0,0,0,347
爱不可知微量元素,6.4,152,0,4740
我从所有的地方回来,7.6,11,1.99,1231
旧的乳房,0,0,0,4937
诗客酒魂的诗选集,0,0,0,99
那一年，我们在西安当螳螂,0,0,1.99,180
福麟阁藏诗,0,0,0.99,260
日常诗,0,0,0,27
丁芳诗歌,0,0,0,275
笼中兔,7.4,21,0,3862
星的诗,0,0,0,4399
假装是诗,0,0,0,24
葬花集,0,0,0,31
门牌34号,0,0,0.99,157
時間的吉光片羽,0,0,0,87
失眠的诗,0,0,0,203
无所事事，学写情诗,0,0,0,39
旅行,0,0,0,20
知音难觅,0,0,0,51
小呓语,0,0,0,101
身体观察日记,0,0,0,12
诗人的病去,0,0,0,150
情书,0,0,0,575
木羽诗集,0,0,0,57
金苹果,6.6,13,0,939
日记诗歌,0,0,0,208
泊伊希亚,0,0,0,4
傲慢与偏见,0,0,0,313
葬礼进行曲,0,0,0,25
我们生来就孤独,0,0,0,22
爱在星辰,0,0,0,67
《溪林集》,0,0,0,91
夜色中庸,0,0,0,1170
小雨滴,0,0,0,1605
惨淡人生,0,0,0,91
双字如人对望,0,0,0,723
我是,0,0,0,30
写到一百首，嫁给我好吗？,0,0,0,10
她走失了,0,0,0,217
忠义市场,0,0,0.99,522
寄居人间,0,0,0,1483
我一直坐在我的身旁,7.2,16,0,8826
神经病的回忆,0,0,0,334
小说,0,0,0,1480
献给年华的诗歌,0,0,0,26
光影时刻,0,0,0,56
年华虚张,0,0,0,137
南半球的风,0,0,0,13
微尘,0,0,0.99,668
南乔手札,0,0,0,250
泥古丁乱弹,0,0,0,317
今生，为你写诗,0,0,0,606
征服生命的悲哀,0,0,0,801
未知物,0,0,0,223
明兮吾爱,0,0,0,14
抑郁的轻吻,0,0,0,1390
今日份的喜欢,0,0,0,512
繁星点点,0,0,0,41
时间的密语,0,0,1.99,144
时代与刀的赞美诗,0,0,0,1147
押韵研究所,0,0,0,25
秋风诗集,0,0,0,89
松松湖,0,0,0.99,705
情梦难离缘却殇,0,0,0,1342
bjfu,0,0,0,32
无处安放的诗,0,0,0,136
添心,0,0,0,12
少年归来,0,0,0,876
闲庭絮语,0,0,0,101
每个人都拥有一百年,0,0,0,9
我就是入梦,0,0,0,92
我是一条疯狗,0,0,0,177
铁元素在呼吸,6.8,29,0,1408
微尘,0,0,0,27
不岸,0,0,0,105
守望绿萝,0,0,0,19
空涧流音,0,0,0,27
堂堂诗稿,0,0,0,240
眠鱼,0,0,0,1034
三个石头,0,0,0,32
西南方的地窖,0,0,1.99,152
屿然诗选,0,0,0,185
读三十首诗,0,0,0,27
出黄土记,0,0,0.99,272
无病呻吟的碎碎念,0,0,0,40
托腮集,0,0,0,40
诗意人生,0,0,0,40
月光下的幻想,0,0,0,155
写给昊林的诗,0,0,0,332
but、,0,0,0,8
如同坐在炎夏的树荫下吃西瓜,0,0,0,1484
今夕,0,0,0,101
诗忆,0,0,0,47
理想人生（2017·自选集）,0,0,0,36
山水无期,0,0,0,510
一病馆,0,0,0,15
诗歌之树,0,0,0,17
佚名的无题,0,0,0,76
我的小短诗,0,0,0,77
弱冠十四,0,0,0,33
七日,0,0,0,220
写不出的诗,0,0,0,28
桃花俱眠，我自馥郁,0,0,0,589
海子的诗,0,0,0,27
起司•奇思•诗,0,0,0,737
言叶集,0,0,0,73
红夜,0,0,0,80
行程记,0,0,0,16
黑绵羊的毛,0,0,0,7
我听见有人在笑,0,0,0.99,165
静思。静诗,0,0,0,1259
鹤鹭的路,0,0,0,37
普通的一天,0,0,0,110
毗连的光与影,0,0,0,557
星星撒了一地,0,0,0,180
初生集,0,0,0,49
八方的的诗集,0,0,0,189
天河夜谭,0,0,0,59
脑洞里还有一座金矿,0,0,0,264
每一次回家都是一次长途旅行,0,0,0.99,513
黑暗中漫舞,0,0,0,11
黑土以北,0,0,0,24
叙事,0,0,0,193
心窝的暖曲,0,0,0,64
黑鸟之歌,0,0,0,18
当我躺在河流的底部，我又想到了你,0,0,0,195
云端守候—心理治疗晨诗集,0,0,0,154
想写时 就写写,0,0,0,30
暗夜独行,0,0,0.99,332
启蒙,7.4,29,0,1536
小吏与倒置阁楼,0,0,0,494
望乡集,0,0,0,240
他的偏旁,0,0,0,2947
整个时代的哀伤,0,0,0,1522
我们会拥有故事,0,0,0,19
各自远扬,0,0,0,167
猪鸡瓜炖海带，越吃越可爱,0,0,1.99,645
荒怪,0,0,0,20
宙,0,0,0,467
黑墨,0,0,0,7
阳歌,0,0,0,70
这一年我回到北方,0,0,0,172
世界是你以为的形状,0,0,0,198
安娜的花儿 诗歌集,0,0,0,11684
云上树,0,0,0,118
《2017唾沫诗选》,0,0,0,311
无意义诗歌,0,0,0,73
拥有的世界，我青听给你,0,0,0,221
西塘印象,0,0,0,614
枫叶情深,0,0,0,43
飞鸟的诗,0,0,0,55
现代诗歌,0,0,0,38
粉红色的小诗,0,0,0,154
人间冷雨,0,0,0,1307
那些男人造出没有母亲的女儿们,6.4,20,0,1486
叼烟斗的男孩,0,0,0.99,654
《怎么拥抱我的马拉特小镇》,0,0,0,142
慢生活俱乐部 |「活动回顾」,0,0,0,32
游弋,0,0,0,205
致凉小殊,0,0,0,5
26号诗,0,0,0,17
兰花故里:你的全世界,0,0,0,27
傻子诗语,0,0,0,115
在云,0,0,0,32
杂文,0,0,0,159
跑在我脑子里的文字想要把它踢出去,0,0,0,53
愿你如星辰，明媚不忧伤,0,0,0,92
诗在远方,0,0,0,213
二丁一百首,0,0,0,82
古风,0,0,0,17
一万首诗,0,0,0,78
中产阶级的诗歌,0,0,0,298
杨锡章的短诗,0,0,0,5494
魔性逗比诗歌集,0,0,0,585
豹子的黄昏,0,0,0.99,816
汀公子的古诗集,0,0,0,609
草芥,7.6,13,0,2059
田园与炊烟,0,0,0,89
云呐龙喊,0,0,0,1397
人生的量化,0,0,0,32
追心逐月,0,0,0,6414
独立日,0,0,0,254
浮光掠影,0,0,0,68
换季／彗星追尾,0,0,0.99,710
爱情是罐咸菜,0,0,0,44
昙花一现只为韦陀,0,0,0,34
我们的诗歌,0,0,0,1434
听泉,0,0,0,176
辟一方净土，于我，于你,0,0,0,46
听风想雨,0,0,0,286
阿当的诗,0,0,0,66
临崖乱走,0,0,0,14
春夏-诗集,0,0,0,29
倾诉与聆听,0,0,0,610
今宵别梦寒,0,0,0,67
禅心,0,0,0,17
古风与诗歌,0,0,0,457
伤者，自愈！,0,0,0,13
杂章,0,0,0,453
碎叶,0,0,0,75
心相,0,0,0,20
夜莺,0,0,0,88
轻轻摇晃,0,0,0,80
品墨梦诗,0,0,0,19
念念不忘，愿有回响,0,0,0,17
锦瑟集,0,0,0,7
《你，我》,0,0,0,211
开满花的荒草堆,0,0,0,699
素心聊诗词,0,0,0,20
宇文所安是谁,0,0,0,102
露水侵晨,0,0,0,135
也许,0,0,0,471
诗若干,0,0,0,11
菜谱,0,0,0,53
简·屋,0,0,0,187
闲步集,0,0,0,240
影子行人,0,0,0,56
在醒来的边缘说梦,0,0,0,176
致网友的一封信（诗歌集）,0,0,0,271
鬼谷子七十二术讲解,0,0,0,184
孤独,0,0,0,250
诗话,0,0,0,3657
清凉斋杂话,0,0,0,36
个人诗歌集,0,0,0,161
爱的渴望,0,0,0,296
情诗有姓,0,0,0,224
从白天到黑夜,0,0,0,84
红铜,0,0,0.99,620
城市速写,0,0,0,97
倒悬的海洋,0,0,0,124
冰辞苑,0,0,0,196
还会有更多的不欢而散,7.6,14,0.99,955
东方礼赞诗歌集[二],0,0,0,7149
西行漫记,0,0,0,936
卡埃罗诗三十首,7.0,12,0.99,1487
似是而非,0,0,0,18
十字鸟,0,0,0,34
韵脚诗词,0,0,0,3464
Sisyphus爱情故事,0,0,0,258
鹜,0,0,0,50
漏雨的天堂,0,0,0,56530
写给昊林的诗,0,0,0,25
苟日夜长,0,0,0,856
一千零一把小提琴,0,0,0,247
阿司匹林,6.8,158,0,7547
每天诗歌赏析,0,0,0,19
云端随笔,0,0,0,82
蝉如雨,0,0,0,55
减思,0,0,0,112
大学荒原,0,0,0,76
关于我,0,0,0,21
木易的饭,8.0,17,0,14821
诗的内心活动,0,0,0,92
国王明天做什么,0,0,0,258
泛黄的纸,0,0,0,9
听江客栈,0,0,0,156
逝去的岁月,0,0,0,1380
晴天的小杂感,0,0,0,12
谁的裤衩在迎风飘扬,0,0,1.99,1135
年间草稿,0,0,0.99,618
无人问津,0,0,0,10
橘子，橘子，凉凉的,0,0,0,141
胡思乱想集,0,0,0,149
想到你哭泣,0,0,0.99,860
有的人正忧伤的死亡,0,0,0,426
荷马竞技场二号,0,0,0.99,262
有一首诗，代表着整个青春,0,0,0,220
只活一次,6.8,27,0,5239
你要去哪里？,0,0,0,152
魔性逗比诗歌集【2】,0,0,0,29
雪落天堂,7.0,18,0,954
佚名集,0,0,0,105
文本之欢,0,0,0,11
命运的威胁,0,0,0,127
朗月菩提,0,0,0,4014
小诗,0,0,0,12
落花遗梦,0,0,0,16
春归,0,0,0,31
不正常分割线,0,0,0,139
长短句,0,0,0,22
艰难之活,0,0,0,35
诗客酒魂谈诗歌创作,0,0,0,518
她和他们都不在,0,0,0,22
短诗与随笔,0,0,0,102
超字恋小姐,0,0,0,9919
1996,0,0,0,82
我在边城,0,0,0,417
陈梦集,0,0,0,704
林间花树,7.6,12,1.99,322
回声,0,0,0,71
未名的歌,0,0,0,57
独我,0,0,0,38
碎梦集,0,0,0.99,431
在果园 大禹诗集,0,0,0,3918
沉默而雅致的年代,0,0,0.99,559
送自己一颗糖,0,0,0,86
不成诗歌的诗,0,0,0,219
小海的世界,0,0,0,22
某一首诗,0,0,0,264
写诗的人假正经，看诗的人最无情,0,0,0,7396
古诗观止,0,0,0,11
四级高频词汇速记造句,0,0,0,210
地球的萌齿,0,0,0,481
症候群,0,0,0,589
私愁之路,0,0,0.99,311
一边疆,0,0,1.99,907
东方礼赞诗歌集[三],0,0,0,9460
衡阳雁,0,0,0,9
1/2情shi,0,0,1.99,831
风华集,0,0,3.99,420
青秋诗选,7.0,33,0,1293
诗性耽漫·孤独的表观符号,0,0,0,302
路过青春的你,0,0,0,166
嘿，傻瓜们,0,0,0,65
初心,7.0,52,0,12000
【三行情书】喜欢世界喜欢你,0,0,0,189
旅程,0,0,0,15
甘蔗集,0,0,0,37
片语只言,0,0,0,139
尔如雪,0,0,0,8
华光与来路,0,0,0,45
玄鸟诗社七年诗选,6.8,31,0,7730
人世,0,0,0,135
现代情诗诗集： 《忧郁情剑》,0,0,0,1030
像苍蝇一样有种,0,0,0,297
旧笔记,0,0,0.99,836
《海城墙》Sea Wall,0,0,0,205
孟的诗,0,0,0,67
《不成诗歌的诗》Nothing but Poetry,0,0,0,782
野犬,0,0,0,89
自然生活,0,0,0,2464
诗集·逸轩楼,0,0,0,63
沉默者的歌,0,0,0,5
不为谁而作的诗,0,0,0,15
这是一个适宜吃桑葚的日子,7.2,48,0,6703
一砂一诗集,0,0,0,49
成长曲,0,0,0,39
《我是一颗金子》,0,0,0,54
