爱的正反面,8.2,23,2.99,6486
黑色大门,9.6,81,2.99,12267
你不许变心,8.2,22,0.99,0.99,1689
从男票到老公,9.4,40,0,46109
女友挽回手册,8.8,103,9.90,13814
你活在人间，便要狠狠去爱,7.4,20,1.99,2735
与人相处那些事,9.2,87,0,229764
百日巴黎,0,0,0,461
锦瑟记--------流年里的唐诗宋词,0,0,0,217
与众不同的心理学,9.0,69,0,55825
情感问答 3,8.8,130,1.99,31188
好好思考：21堂高情商思维课,0,0,0,1467
一个人的性,6.6,23,3.99,15063
52 个改变,8.4,582,0,97996
情感问答 2,9.2,986,1.99,115115
7天治愈拖延症,7.8,2164,5.00,363214
论文艺女青年如何培养女王气场,7.0,1278,1.99,145193
来，我们谈谈情，说说爱，找找自我,8.8,95,1.99,9731
女友调教手册（修订版）,7.8,557,1.99,89557
情感问答,9.0,1770,1.99,215681
看电影学心理学,9.0,19,0,53504
i 问连岳·1,8.4,231,1.99,18658
你懦弱 你凶悍,0,0,0,2908
走神（上）,8.2,136,1.99,17993
十六周的人生蜕变,8.2,1143,5.99,106037
不一样的性和爱以及恐惧,7.8,204,1.99,14880
请珍爱这样的自己,9.2,18,3.99,6497
老爸，我是自己长大的好吗？,8.8,31,0.99,2355
单吊一味,9.4,29,2.99,4512
香港求学记,7.2,45,0.99,3353
我的老公是意大利人,0,0,0,521
深夜的呼吸,7.4,60,1.99,2703
女人，你为什么而怒？,9.4,64,0,146472
战拖五步法,8.2,89,1.99,8881
把日子过成雷同,8.8,23,1.99,4184
你可以拥有你想要的生活,8.8,1265,0,8493191
写作，最有效的个人成长方式,0,0,0,2238
男女战争,0,0,3.99,1688
i 问连岳·2,9.0,102,2.99,8266
我是鸡汤·2,8.6,74,2.99,6426
断舍离日记,8.8,68,0,72524
无脑记,0,0,0,20
我的努力让我舍不得亏待自己,8.8,63,0,151196
i 问连岳·3,9.2,82,2.99,8986
我们该如何脱离苦海,0,0,1.99,943
我爱你，但不会上瘾,8.6,111,0,54217
从小到大身边的爱情故事,0,0,0,21
立竿见影的战拖术,8.8,36,0,24348
我不是教你诈：女生该怎么恋爱,8.2,138,0,9149
徒步去西藏,0,0,0,29169
谈恋爱： 你应做女王而不是公主,7.8,215,0,325286
心灵源头绘画,0,0,6.00,1502
海上花又开，谋生复谋爱,8.0,17,0,9955
暴食症自愈手册,8.0,24,0,89770
没有人给我写信,0,0,1.99,889
一位隐居大理的交易员,0,0,0,60
另类女性,9.2,68,0,24947
养鸟记,7.6,23,1.99,1080
请珍爱这样的自己,9.4,80,0,143682
怎样谈一场不分手的恋爱,8.2,229,0,349008
荒芜废墟,0,0,0,2216
如何疗愈原生家庭中的爱与痛,0,0,2.99,2439
行走中的思考者,0,0,0,223
纯白恋曲（散文诗集）,0,0,0,3621
187817611725173217278110673961
泊罅记,8.6,85,0,4857
心心斋之婚恋解密,6.0,14,4.99,822
9.4,284,1.00,35224290062656330128254892534223733239522259622838
20出头的孤傲与淡漠,8.4,21,0,250701
走神（下）,8.6,62,1.99,7330
“战拖”新知,8.2,41,0,37564
写在脸上的智慧,7.8,29,0,26902
孤独出没之处，七步必有解药,8.2,11,1.99,1568
爱之罪,8.6,66,3.99,6078
冷眼观爱,7.6,39,0,380674
i 问连岳·4,9.0,78,2.99,7403
8.0,34,1.99,8019786978711239111710291031943912912
星座心理学,0,0,0,8490
零度以下的温暖,6.2,19,0,1328
美力女性主宰命运,9.6,34,0,85103
关于霍乱时期的爱情,0,0,0,342
我在英国这一年,7.6,16,0,109499
识男手册,7.2,144,0,679416
锵锵爱情观,0,0,0,3414
任性的姑娘你凭什么幸福,9.2,254,0,129773
论“单身狗”的诞生,0,0,0,29130
纷乱的思绪,0,0,0,49273
女性心理成长自疗课,7.4,18,0,90389
爱情的正确打开方式,7.8,61,0,295390
我的孩子也许是个正常人,0,0,1.99,62
当下,0,0,0,41
90天彻底改变你的自制力,7.4,22,1.99,3887
青石巷,0,0,1.99,492
独立音乐人故事100篇,0,0,0,2
红蜻蜓飞过的夏天,0,0,2.99,1792
8.0,53,5.99,36746309753000030403435034003543330232132946
九宫格创意思维导航,0,0,0,7286
长沙LGBT的彩虹生活,0,0,0,280
我是女人,0,0,0,938
至-曾经放不下某人的我们,0,0,0,499
极简主义•理念,9.0,325,0,68877
心理沙龙分享会,0,0,0,6492
生命从尘埃中开出一朵花,7.6,13,0,3663
成长与改变,0,0,0,2290
予妹文,7.4,472,0,18880
更好的父母，更好的自己,0,0,0,873
Soapbox,0,0,0,5
结婚生子是个坑,0,0,0,7
10.00,319224502410700632612572562545553
教你搞定身边人,8.0,15,0,19394
野生写作，零食阅读,0,0,0,9
9.0,98,1.99,1041786498274699061945744023428881749
爱与亲密的成长自疗课,7.8,14,0,38458
食色幸也,0,0,0,57
十大行星落十二宫位,0,0,0,246
白鲸事,0,0,0,75
爱整理,7.4,36,0,208923
心理咨询随感录,0,0,0,30914
独乐女时代,0,0,0,2
感情说说,0,0,0,7
北京的春秋与悲喜,0,0,0,2736
我俩刚结婚,0,0,0,1662
纽约寻爱记 （第二季）,0,0,0,2437
悠悠娘家事,8.0,13,0,57584
国产电影系列评论,0,0,0,7
6.60,271824982560371356331292308270349
左手爱情 右手婚姻,7.6,11,0,1643
知足常乐手册,8.6,82,0,12006
病人与它 关于遇见你,0,0,0,27
100个追逐热爱的故事,0,0,0,42
在上海和一个没有工作的小屁孩谈论人生故事,0,0,0,48
我无法恋爱的理由,8.6,77,0,38668
一个60后的真实人生【第二部】,0,0,0,13473
只想遇到一个你,0,0,0,62155
7.8,220,9.80,44470415738773559347834483226316932002358
食爱而肥,9.6,197,0,406846
我的生活是一部日剧,0,0,0,1621
感情与金钱,8.2,51,0,116627
爱的正反面,8.0,14,0,42189
遇见师父,0,0,0,11
做最好的自己,0,0,0,726
1648100895979210914478545239
23个悲伤的爱情故事,0,0,0,11451
19.00,4214354933323222309135901040994827869
人生三十,0,0,0,8
可乐软糖和新鲜菠萝蜜,0,0,0,6
6.99,108897389384483984781380444783
活在生活之外,0,0,0,296
胡诌八扯,0,0,0,48
人生玩家,8.4,32,0,163453
我在私立学校做老师,0,0,0,148
100593478579389
回头啊，我还在看着你,0,0,0,8
慢慢来会比较快,0,0,0,14
民国那些女子的爱情故事,7.4,21,0,29477
女人三十间隔年,0,0,0,8412
一个心理咨询师对世界的思考,0,0,0,323
如何疗愈原生家庭中的爱与痛,0,0,0,1470
怎样成为一个好老师？听百位基层教师讲故事,0,0,0,192
潘帕斯没有你,0,0,0,7
给直男的100个贴士,0,0,0,9674
一人、一食、一世界,0,0,0,2090
分手后我们能做些什么？,8.0,40,0,30247
想对这个糟糕的世界说点什么,0,0,0,10596
你可以活得更像自己，只要你愿意,7.0,15,0,63123
活在生活之外,0,0,1.99,886
爱情撞上心理学,9.0,23,0,16210
走出你的舒适区,7.6,24,0,80807
七夕不睡觉,0,0,0,17
当代青年生活指南,8.6,96,0,49497
总有一句歌词打湿你心,8.2,145,0,272742
盘丝洞一千零一夜故事,0,0,0,2
“话痨大神”伍迪•艾伦电影中的现实“病”,0,0,0,12
修心修行修性,0,0,0,24
这世界的热闹与我无关,0,0,0,67
辞职以后的100种活法,7.8,23,0,30236
我写给我的信,0,0,0,1424
4.99,339729281954639464336304283320401
女人的幸福与什么有关,7.4,13,0,43787
做梦吧，管他呢,0,0,0,24
大话诗游,0,0,0,4
于飞心理疗愈,0,0,0,9991
消失集,7.8,23,0,30274
金庸教你女追男,0,0,0,8742
难言之隐,0,0,0,131
会忘掉这些人吗,0,0,0,5
一个60后的真实人生,7.6,12,0,37387
村庄,0,0,0,2457
30岁以后，我们才开始懂事,0,0,0,28
全职妈妈时间管理,0,0,0,163
要么庸俗，要么孤独,8.2,98,0,54720
我不上班的理由,0,0,0,449
猫言喵语,7.6,28,0,34649
带你逃离内心瘟疫,0,0,0,13482
浪费纪事,0,0,0,7
时光书店,0,0,0,3996
少年时,9.8,38,0,18767
我与港大,0,0,0,85
时间的针脚,0,0,0,39
8.00,2072147614671488345365314455313295
社交恐惧微问答集,0,0,0,388
我是肖华,0,0,0,18
心理学八卦集,8.2,33,0,13344
你的善良必须有点锋芒,0,0,0,408
灯塔、等她,7.8,12,0,4883
从北大到高盛：如何打好一手烂牌,0,0,0,2060
早安收信人,0,0,0,9
跟着明星学说话,0,0,0,484
《我曾想过荒度余生》,0,0,0,82
4.99,75767050704360141166814734934763793
我的第一个百万英镑！,0,0,0,407
从你的生命走过,9.6,45,0,99924
那些你未曾听到的情话,0,0,0,11
生活如茶，情感似酒,0,0,0,814
爱好自己，才能爱好别人，才能快乐对待爱情,0,0,0,5033
一百个奋斗故事,0,0,0,214
笑看繁华 无非放下,0,0,0,8
西南技术嬉皮,0,0,0,4
像我这样拙劣地生活,0,0,0,1807
90后也会好好当老师,0,0,0,35
7.4,12,2.00,6344587457895677572455815693553356145716
The Moment,7.6,11,0,62886
猫叔的江湖咖啡馆,0,0,0,197
这些年遗失在北方的爱情故事,0,0,0,15165
女孩的成长,0,0,0,5135
7.4,34,1.99,461043453743363215289701081880886940
我的口袋里，有星星，还有你,0,0,0,2414
闲情札个记,0,0,0,29
爱不用等到猴年马月,0,0,0,1621
谁的职场不小白？,0,0,0,3893
活着活着，就老了,7.6,12,0,30697
8.0,98,0.80,5806521047762953232119471749298221190
别样空间,0,0,0,182
一人一城,0,0,0,1781
乱红飞过秋千去,0,0,0,3291
最美的风景，是回家的路,9.8,79,0,58236
十八分之二的一百个问答,0,0,0,171
我所去过的城市,0,0,0,17
破碎故事之心,0,0,0,3781
广场街33号,0,0,0,925
狼餐之徒的自白,0,0,0,597
7.6,27,1.99,77257291682470146961308106175141194
2.99,4323383943173187121034
怎样谈一场不分首的恋爱,0,0,0,1019
那些女人们教给我的事情,0,0,0,2575
女孩的成长,0,0,0,5135
好姑娘光芒万丈,7.2,28,0,19374
梦境实录,0,0,0,808
进化成更好的人,0,0,0,19074
1.99,8165855295255365739355644
十次约会搞定终身大事,7.8,33,0,35339
嘿！折腾青年！,0,0,0,3520
一人一城,0,0,0,1781
女子恋爱图鉴,0,0,0,2309
除了瘦，还要美，还要有钱和自由,7.4,17,0,2043
别样空间,0,0,0,182
当某天，不再需要爱情,0,0,0,1127
空少日记,0,0,0,4633
7.6,12,0.99,40042952280828054754054031991333362
留不住的是乡愁,0,0,1.99,366
No ,but,0,0,0,326
漾动的青春,0,0,0,50
不要叫醒我 等我自己醒来,0,0,0,15
我有一颗蒜，不只是蒜皮,0,0,0,405
Me and My Therapy,0,0,0,20
当我在怀孕时我在想什么,0,0,0,1580
未命名,0,0,0,193
龙门阵,0,0,0,106
如何成为人上人,0,0,0,20
二三信,0,0,0,64
职场认知的必要性,0,0,0,132
改造命运,0,0,0,298
少年归来,0,0,0,876
沉默者的歌,0,0,0,5
她和我的十九年,0,0,0,126
肚子里有个小先生,0,0,0,959
真正离别的时候，可不可以不流泪,0,0,0,32
当代青年情感指南,0,0,0,639
留不住的是乡愁,0,0,1.99,366
漾动的青春,0,0,0,50
不要叫醒我 等我自己醒来,0,0,0,15
我有一颗蒜，不只是蒜皮,0,0,0,405
未命名,0,0,0,193
龙门阵,0,0,0,106
真正离别的时候，可不可以不流泪,0,0,0,32
她和我的十九年,0,0,0,126
二三信,0,0,0,64
沉默者的歌,0,0,0,5
如何成为人上人,0,0,0,20
当代青年情感指南,0,0,0,639
留不住的是乡愁,0,0,1.99,366
漾动的青春,0,0,0,50
不要叫醒我 等我自己醒来,0,0,0,15
我有一颗蒜，不只是蒜皮,0,0,0,405
Me and My Therapy,0,0,0,20
未命名,0,0,0,193
龙门阵,0,0,0,106
真正离别的时候，可不可以不流泪,0,0,0,32
二三信,0,0,0,64
改造命运,0,0,0,298
少年归来,0,0,0,876
沉默者的歌,0,0,0,5
她和我的十九年,0,0,0,126
肚子里有个小先生,0,0,0,959
如何成为人上人,0,0,0,20
当代青年情感指南,0,0,0,639
陪伴是人生最美好的旅行,0,0,0,587
暗白,0,0,0,14
我们俩一起路过这世界,0,0,0,24
我的小六我的孤独,0,0,0,28
食物与我,0,0,0,25
一只居的日常想法,0,0,0,34
写给爸爸妈妈，假装你们还活着,0,0,0,109
致我们不二的青春——此去一别，来日方长,0,0,0,25
重庆没有森林,0,0,0,46
三元成一,0,0,0,45
狼餐之徒的自白,0,0,0,597
生活回忆录,0,0,0,506
男人是否都一样,0,0,0,1545
女子恋爱图鉴,0,0,0,2309
原来我也曾经走到过那么远,0,0,0,57
怎样谈一场不分首的恋爱,0,0,0,1019
《年少情怀总是诗》,0,0,0,68
小店,0,0,0,117
写给蜗牛的一些信件,0,0,0,48
诗酒趁年华,0,0,0,928
青春，记忆里最明媚的时光,0,0,0,177
无解琴音,0,0,0,23
孤独择日而止,0,0,0,235
除了瘦，还要美，还要有钱和自由,7.4,17,0,2043
深夜心驰,0,0,0,416
无我心,0,0,0,37
当某天，不再需要爱情,0,0,0,1127
空少日记,0,0,0,4633
阿克大人杂俎,0,0,0,484
生活回忆录,0,0,0,506
小店,0,0,0,117
写给回忆的三十一份情书,0,0,0,94
爱恨情仇,0,0,0,20
孤独择日而止,0,0,0,235
夏语日记,7.6,26,0,61666
爱不是拼命挤胸，爱是胸口写勇,0,0,0,1163
何家公鸡何家猜,0,0,0,651
《年少情怀总是诗》,0,0,0,68
写给蜗牛的一些信件,0,0,0,48
爱情最初的模样,0,0,0,18943
寻找心中的艺术,0,0,0,5251
青春,0,0,0,3355
爱还来得及,0,0,0,1433
忽而我就变成了任我行,0,0,0,1012
在电影里虚度时光,0,0,0,517
诗酒趁年华,0,0,0,928
我的前半生,0,0,0,419
北漂失恋成长记忆,7.4,12,0,7419
《我是一棵金针菇》,0,0,0,93
不管怎样，你都要坚强,0,0,0,375
付坤原创成语系列,0,0,0,48
高三日常,0,0,0,313
离乡人,0,0,0,17
银杏叶子故事绘,0,0,0,168
雨季不缺水,0,0,0,27
传世佳作——一个母亲的自愈疗法,0,0,0,187
我三十岁了，却还像个孩子,0,0,0,33657
我就是入梦,0,0,0,92
塔,0,0,0,17
用一生，抵达一次山盟,0,0,0,16
我的小日子,0,0,0,31
来巴黎的人,0,0,0,39
母亲的小米南瓜粥,0,0,0,418
与安然度过的3年光阴,0,0,0,2
思至,0,0,0,36
到底什么是理想的生活,0,0,0,1287
相思秋,0,0,0,29
男人是性别,0,0,0,4
母亲的小米南瓜粥,0,0,0,418
我就是入梦,0,0,0,92
用一生，抵达一次山盟,0,0,0,16
长命,0,0,0,63
孤独旅人,0,0,0,344
这些人，这些事儿,0,0,0,509
与安然度过的3年光阴,0,0,0,2
思至,0,0,0,36
到底什么是理想的生活,0,0,0,1287
来巴黎的人,0,0,0,39
The other one,0,0,0,47
相思秋,0,0,0,29
触底—我与重度抑郁,0,0,0,78
5.00,408335253839722328223270181255113
我等你，即便全世界都不在了,0,0,0,14
此路通往当下,0,0,0,10
镜花水月,0,0,0,26
抽屉里的故事,0,0,0,2196
房顶有菜园,0,0,0,17
新青年2.0,0,0,0,5
郑能量,0,0,0,247
纯粹的谬误,0,0,0,46
196115361593154014991497147810869152
天堂超市,0,0,0,10463
你总要在孤独中学会成长,0,0,0,329
追爱路上，别矜持,0,0,0,21289
小姐快跑,0,0,0,2249
她的泪与笑,0,0,0,518
旅游管理的烦恼,0,0,0,4069
深圳的日与夜,0,0,0,4802
Twenty Somthing,0,0,0,189
星座身心灵,0,0,0,9230
闷闷闷,0,0,0,11
生活在重庆,0,0,0,134
0.99,63666051248569504705346160
借一首歌说爱你,0,0,0,657
《重拾旧爱》,0,0,0,513
食物鬼魅谈,0,0,0,646
念想偶得,0,0,0,63
清心谈,0,0,0,17
山羊夫人闯关记,0,0,0,2030
烟火人间,0,0,0,9803
只剩半个漫长夏日,0,0,0,945
换个角度看世界,0,0,0,1400
你是唯一可以走近的人,6.6,19,0,17151
蟹の壳,0,0,0,2016
陌生人餐桌，一场穿梭在城市的旅行,0,0,0,392
22岁止,0,0,0,197
浪子日记,0,0,0,118
好久不见,0,0,0,63
情不知所起路漫漫,0,0,0,5
喵星人心理学,0,0,0,178
藏寨记事,0,0,0,852
生命悠长，幸与为伴,0,0,0,350
爱,0,0,0,164
二十四个日与夜,0,0,0,259
我也是有xxx的人了,0,0,0,299
成长卧谈会,0,0,0,16
当我在这里,0,0,0,36
十字鸟,0,0,0,34
焦虑日记,0,0,0,80
影音,0,0,0,14
与你相识的绵长岁月,0,0,0,617
银行基层员工修炼指南,0,0,0,116
女性的自我觉醒,0,0,0,1409
5.00,408335253839722328223270181255113
仙女在人间动了情,0,0,0,13
深圳的日与夜,0,0,0,4802
姑妄言之,0,0,0,7
老源随笔,0,0,0,136
没有名字酒吧的一般的咖啡和酒,0,0,0,8
抽屉里的故事,0,0,0,2196
0.99,63666051248569504705346160
借一首歌说爱你,0,0,0,657
满满的笑和微微的甜,0,0,0,3
你是唯一可以走近的人,6.6,19,0,17151
196115361593154014991497147810869152
和女朋友在一起时我的心理变化,0,0,0,17
天堂超市,0,0,0,10463
闲散日记,0,0,0,7
烟火人间,0,0,0,9803
你好，小确幸。,0,0,0,812
焦虑的姐姐,0,0,0,48
自己走过的路,0,0,0,174
人生，请务必折腾,0,0,0,70
家有喜事,0,0,0,38
一名抑郁症患者的碎语,0,0,0,15
栖居城市的魂灵,0,0,2.99,631
爱情童话一百零一夜,0,0,0,67
情缚,0,0,0,79
乡下人的速写练习,0,0,0,19
男生爱情课,0,0,0,163
遇见你的时候所有星星都落到我头上,0,0,0,35
浮游生物,0,0,0,29
舌尖上的那些婚姻,0,0,0,680
死亡录,0,0,0,12
我和苦菜君的十三年,0,0,0,14
春天在哪里,0,0,0,135
明年又长一岁,0,0,0,16
你不是我的盖世英雄,0,0,0,187
Lights Go Out,0,0,0,378
自己走过的路,0,0,0,174
人生，请务必折腾,0,0,0,70
豆妈育儿,0,0,0,37
爱情童话一百零一夜,0,0,0,67
乡下人的速写练习,0,0,0,19
我的二十年,0,0,0,99
烟火人间,0,0,0,9803
一张创可贴,0,0,0,10
深圳的日与夜,0,0,0,4802
十七,8.2,13,0,5081
关于爱情的短篇,0,0,0,3950
一万个如果,0,0,0,979
女人要学会为自己加冕,0,0,0,8667
陪巨婴一起成长的日子,0,0,0,355
没有人给我写信,0,0,0,866
你给我满满的爱,0,0,0,3686
只剩半个漫长夏日,0,0,0,945
你那么自恋，能爱上谁啊,7.4,17,0,911
借一首歌说爱你,0,0,0,657
爱情共产主义,0,0,0,427
站在我这边,7.4,12,0,516
小林煎茶,0,0,0,2764
蜻蜓翅膀上的童年,0,0,0,69
站在你这边,7.8,29,0,82869
换个角度看世界,0,0,0,1400
豆豆逗逗豆,0,0,0,35
不向这个世界妥协Ⅱ,7.8,18,0,31958
深圳札记,0,0,0,71
一张创可贴,0,0,0,10
十七,8.2,13,0,5081
小林煎茶,0,0,0,2764
陪巨婴一起成长的日子,0,0,0,355
没有人给我写信,0,0,0,866
情感问题，不感情用事,0,0,0,52
美好生活馆,0,0,0,1723
爱情共产主义,0,0,0,427
愿海蓝时见鯨，梦醒时见你,8.2,22,0,60592
10个深圳青年,0,0,0,95
落城以北,0,0,0,17
蜻蜓翅膀上的童年,0,0,0,69
关于抑郁,0,0,0,96
你那么自恋，能爱上谁啊,7.4,17,0,911
迁徙的灵魂,0,0,0,997
家有乖乖虎,0,0,0,2752
左歪叨叨,0,0,0,7
豆豆逗逗豆,0,0,0,35
月亮在积雨云之上,0,0,0,138
青春博物馆,0,0,0,26
再回首,0,0,0,4
遇见，未央,0,0,0,3
花之惑,0,0,0,58
无风无雨也无晴,0,0,0,61
在路上,0,0,0,9
三国回忆录,0,0,0,507
教育孩子，父母和家庭最关键,0,0,0,1260
永结无情游,0,0,0,10
红尘谱,0,0,0,30
站在我这边,7.4,12,0,516
7.4,14,3513253525494151971919920518099
恼人生活记趣,7.8,11,0,29603
十七,8.2,13,0,5081
小林煎茶,0,0,0,2764
一万个如果,0,0,0,979
女人要学会为自己加冕,0,0,0,8667
你那么自恋，能爱上谁啊,7.4,17,0,911
137712031066300102
你给我满满的爱,0,0,0,3686
那些人，那些事,0,0,0,9044
剩女姿势,8.2,27,0,34421
站在你这边,7.8,29,0,82869
7.8,19,2.99,39133301298031453001526435342299290
南方爱情故事,0,0,0,6695
关于爱情的短篇,0,0,0,3950
岁亦莫止,0,0,0,667
时光不负,0,0,0,20973
点解开悟博弈之门,0,0,0,322
向命运抗争到底,0,0,0,46
关于生活不易的100个瞬间,0,0,0,293
解馋新鲜空气 - 北京 2015 冬,0,0,0,230
宁静的激情,0,0,0,16
在津，又十五人（在津十人第二期）,0,0,0,1112
写给你的100封情书,0,0,0,9
让孤独极致,0,0,0,27
《前世，今生，就算轮回也无法忘记你》,0,0,0,22
遇见田野,0,0,0,21
一张创可贴,0,0,0,10
十七,8.2,13,0,5081
一切都会过去的,0,0,0,763
一万个如果,0,0,0,979
女人要学会为自己加冕,0,0,0,8667
陪巨婴一起成长的日子,0,0,0,355
关于爱情的短篇,0,0,0,3950
我要学习系列,0,0,0,226
小事人生,0,0,0,540
站在你这边,7.8,29,0,82869
叶叶心心,0,0,0,201
站在我这边,7.4,12,0,516
小林煎茶,0,0,0,2764
蜻蜓翅膀上的童年,0,0,0,69
没有人给我写信,0,0,0,866
深夜孤独的灵魂,0,0,0,48
给安的信,0,0,0,39
爱情共产主义,0,0,0,427
你那么自恋，能爱上谁啊,7.4,17,0,911
2.99,1075424634309328130161394478687
遇见田野,0,0,0,21
当我回头，你们还在,0,0,0,2656
一切都会过去的,0,0,0,763
给安的信,0,0,0,39
当你发现不再年轻时,9.4,67,0,57562
老友记,0,0,0,50
二十年到此为止,0,0,0,355
剧本,0,0,0,2403
高考日记,0,0,0,25977
青石巷,0,0,0,80044
你的离开，是一种残忍的力量,0,0,0,2123
叶叶心心,0,0,0,201
别听我胡说,0,0,0,5386
小事人生,0,0,0,540
我要学习系列,0,0,0,226
深夜孤独的灵魂,0,0,0,48
寻找 梦幻岛,0,0,0,17
给女儿书,0,0,0,268
第26首英文歌,0,0,0,221
我是正经的秘籍,0,0,0,58
曾照彩云归,0,0,0,72
上海南昌路小记,0,0,0,65
露水侵晨,0,0,0,135
冷清秋,0,0,0,67
小思的心灵故事,0,0,0,35
爱的杂货铺,0,0,0,20
爱，这个世界,0,0,0,204
二十岁的游泳池,0,0,0,134
自述●挂念,0,0,0,1
深情象牙塔——女博是这样炼成的,0,0,0,162
有心就有路:凡是打不倒你的必使你更强壮,0,0,0,84
挽回秘籍,0,0,0,359
迷路在人生,0,0,0,29
心情笔记,0,0,0,12
斜杠青年,0,0,0,244
愿海蓝时见鯨，梦醒时见你,0,0,0,104
我了解的女生,0,0,0,56
我的奶奶,0,0,0,9
感受,0,0,0,78
意识流日记,0,0,0,12
巴黎小众博物馆里的人生课,0,0,0,122
生活需要励志与美好,0,0,0,480
薛小杉的回忆录,0,0,0,120
安义养育记,0,0,0,26
三十星霜去 留一片记忆,0,0,0,11973
那个回不去的幸福时光,0,0,0,85
在自己的房间,0,0,0,63
心语宝蓓——静静的看你,0,0,0,35
我用多少来爱,0,0,0,5
你无聊的让我不想崩溃,0,0,0,19
鱼和海洋的故事,0,0,0,23
苏北记,0,0,0,30
你说这世界，到底谁欠谁,0,0,0,111
与你一起不负春光,0,0,0,90
可它就是这样过去了,0,0,0,51
梦的世界,0,0,0,75
我的家庭故事,0,0,0,47
苔花,0,0,0,108
成长简史：在怀疑中坚持,0,0,0,10
既然如此,0,0,0,4585
花梨坎,0,0,0,48
小吴精神状态实录,0,0,0,126
7.6,45,3.99,4955438844254581111310398739051062859
8.00,429745035069988890779966803754938
十年,0,0,0,10
云影收茶声,0,0,0,8247
秋天吃了夏天,0,0,0,161
我想拯救世界,0,0,0,16
人间,0,0,0,425
就让我随意一点。,0,0,0,111
你好吗？你说呢,0,0,0,417
我真实的生活,0,0,0,198
看看那个角落，可能爱就藏在那里,0,0,0,22
一逝烟火 一枕凉笙,0,0,0,373
吾妹小初中,0,0,0,10
小黑鲸的世界（杂文）,0,0,0,84
20岁为止,0,0,0,346
二不挂五的“半罐水”人生,0,0,0,7
杂烩,0,0,0,1836
谁在低吟浅唱，让我无限感伤,7.4,14,0,236
学渣与学霸的自由转换,0,0,0,88
和。。。。谈恋爱,0,0,0,36
元爱（又名：成为女编剧）,0,0,0,49
无颜问天—我的高中女神,0,0,0,194
愿你能不断成长,0,0,0,292
类似情爱,0,0,0,3023
灰姑娘晋升手册,0,0,0,1012
既然如此,0,0,0,4585
1.99,14291345127112011121148199116120179
神奇典当铺,0,0,0,1626
看见深蓝,0,0,0,290
箧中集,0,0,0,1230
妈妈，让我再爱你一次,0,0,0,2601
7.6,45,3.99,4955438844254581111310398739051062859
寒食纪,0,0,0,701
早秋落雏菊,0,0,0,2444
8.00,429745035069988890779966803754938
夜，年华如水,0,0,0,2541
当暮色昏蓝,0,0,0,538
去日留声,0,0,0,6033
怎样把男神变成老公,8.0,16,0,11426
云影收茶声,0,0,0,8247
相亲攻略,8.2,36,0,14559
歌是过客，你是主人,0,0,0,917
明眸看你我,0,0,0,265
秋天吃了夏天,0,0,0,161
碎碎念,0,0,0,178
眼睛里的星星,0,0,0,17
若是你在,0,0,0,119
感性与理性之间,0,0,0,3976
老郝老好了,0,0,0,30
类似情爱,0,0,0,3023
灰姑娘晋升手册,0,0,0,1012
既然如此,0,0,0,4585
1.99,14291345127112011121148199116120179
箧中集,0,0,0,1230
7.6,45,3.99,4955438844254581111310398739051062859
王翊的回忆录,0,0,0,17
寒食纪,0,0,0,701
8.00,429745035069988890779966803754938
夜，年华如水,0,0,0,2541
当暮色昏蓝,0,0,0,538
去日留声,0,0,0,6033
云影收茶声,0,0,0,8247
巨婴日记,0,0,0,36
歌是过客，你是主人,0,0,0,917
妈妈，让我再爱你一次,0,0,0,2601
类似情爱,0,0,0,3023
灰姑娘晋升手册,0,0,0,1012
云影收茶声,0,0,0,8247
1.99,14291345127112011121148199116120179
拾碎,0,0,0,15
箧中集,0,0,0,1230
7.6,45,3.99,4955438844254581111310398739051062859
《简明幸福之路指南第一版》文集,0,0,0,6
既然如此,0,0,0,4585
8.00,429745035069988890779966803754938
巨婴日记,0,0,0,36
王翊的回忆录,0,0,0,17
我的存在,0,0,0,9
妈妈，让我再爱你一次,0,0,0,2601
和Lucky在一起的每一天,0,0,0,933
你好哇，德国幼儿园,0,0,0,2546
炭火熊熊,0,0,0,8
没有鱼也没有熊掌的生活,0,0,0,358
从心出发的亲子人生故事,0,0,0,9598
3.99,33025921762555054755449
安娜的早晨,0,0,0,1614
爱情是什么颜色,0,0,0,17634
想我就看电影,0,0,0,1324
无关对错，皆为因果,0,0,0,9277
长大到底是怎么一回事,0,0,0,1662
9.0,135,4745335682348537440410929862464201013102097
情事录,0,0,0,9101
我不是你的盖世英雄,0,0,0,901
识女手册,8.2,155,0,250422
单身饭局,0,0,0,643
我是如何戒掉微信的,9.0,55,0,33933
老年人的爱情故事,0,0,0,2997
虾夷富士初冠雪,0,0,0,4771
吾家萌亲皆活宝,0,0,0,50
每个失恋的姑娘，都是一个潜力股！,0,0,0,62
日常,0,0,0,9
生活本色,0,0,0,1124
不向这个世界妥协,7.4,18,0,3351
写给小余的晚安语录,0,0,0,176
情感世界生存指南,0,0,0,55
诗和远方,0,0,0,109
电影与人生,0,0,0,13
小菊的母亲,0,0,0,97
深深深森呼吸,0,0,0,11
总有一些时光镌刻进生命里,0,0,0,341
宇宙和平爱基地,0,0,0,18
王晓杰美文世界,0,0,0,133
苟日夜长,0,0,0,856
如果过上想要的生活,0,0,0,54
十二月的情事,0,0,0,99
千禧年记事,0,0,0,14
散落于我们身边的故事,0,0,0,260
生逢谭家,0,0,0,2216
我所了解的女生,0,0,0,22
心中的那只风铃...,0,0,0,18
莹透的碎片,0,0,0,48
心理学的礼物,0,0,0,8598
幸运漂流瓶,0,0,0,38
开心,0,0,0,137
虽然相遇很晚，但我会陪你到最后,0,0,0,100
喜欢这世界的理由,0,0,0,23
都市主妇的烦恼,0,0,0,149
《要回到风里了》,0,0,0,37
想我就看电影,0,0,0,1324
给自己一句哲理,0,0,0,2
识女手册,8.2,155,0,250422
两个思想,0,0,0,4
爱情是什么颜色,0,0,0,17634
安娜的早晨,0,0,0,1614
9.0,135,4745335682348537440410929862464201013102097
无关对错，皆为因果,0,0,0,9277
元识力：高效和快乐的本源,0,0,0,9
黑客与瑜伽士,0,0,0,14
情事录,0,0,0,9101
我是如何戒掉微信的,9.0,55,0,33933
老年人的爱情故事,0,0,0,2997
关于遗辉的一切,0,0,0,23
余生没那么长，请你忠于你自己,0,0,0,13
青春就像一位堕落的诗人,0,0,0,71
蜗牛似的爬行物,0,0,0,7
两个思想,0,0,0,4
鲸鱼传,0,0,0,8
生活是迷魂阵，我不想做迷失的人,0,0,0,52
深情不过99天,0,0,0,43
流心集,0,0,0,20
这个世界本就不属于 像你这样美好的灵魂,0,0,0,104
和Lucky在一起的每一天,0,0,0,933
无关对错，皆为因果,0,0,0,9277
老年人的爱情故事,0,0,0,2997
兔兔咖啡馆,0,0,0,180
3.99,33025921762555054755449
谢谢离婚这件事,7.8,15,0,44800
我是如何戒掉微信的,9.0,55,0,33933
爱情是什么颜色,0,0,0,17634
想我就看电影,0,0,0,1324
你到底有多幸运,0,0,0,22
识女手册,8.2,155,0,250422
绘本解忧杂货店,0,0,0,6399
情事录,0,0,0,9101
我在这城市的幸福感,0,0,0,5183
溯回,0,0,0,1189
录梦集,0,0,0,406
白月光和朱砂痣,0,0,0,21
最后你们没有在一起,0,0,0,673
虾夷富士初冠雪,0,0,0,4771
你与未来只差一个告别,0,0,0,1488
一个故事,0,0,0,2
我的青春，我的老九门,0,0,0,37
路过幸福,0,0,0,5
434女生宿舍扎心日常,0,0,0,21
禅机日用,0,0,0,4678
你到底有多幸运,0,0,0,22
喜欢你的那五年,0,0,0,27
第二十一种孤独,0,0,0,10990
兔兔咖啡馆,0,0,0,180
爱你不必煽情，走心就很动听,0,0,0,15455
谢谢离婚这件事,7.8,15,0,44800
四丫的爱情汤铺,0,0,0,17
那些爱情里的是是非非,0,0,0,276
花花世界,0,0,0,18
每天吃饭都是影视黄金八点档,0,0,0,897
绘本解忧杂货店,0,0,0,6399
我在这城市的幸福感,0,0,0,5183
溯回,0,0,0,1189
录梦集,0,0,0,406
大四可以吃的吗？,0,0,0,354
白月光和朱砂痣,0,0,0,21
最后你们没有在一起,0,0,0,673
我的世界有你,0,0,0,36
你与未来只差一个告别,0,0,0,1488
434女生宿舍扎心日常,0,0,0,21
我的青春，我的老九门,0,0,0,37
路过幸福,0,0,0,5
一个故事,0,0,0,2
往事不随风,0,0,0,64
生活存稿,0,0,0,110
臭屁先生，你好！,0,0,0,52
妍妍特立独行的奇幻生活,0,0,0,28
我把你当朋友你却想和我谈恋爱,0,0,0,51
游泳的夏天,0,0,0,25
迷雾学龄前,0,0,0,8
我是普通人,0,0,0,25
不正经自传,0,0,0,127
文一西路,0,0,0,8
短期北漂人物图鉴,0,0,0,71
爱与被爱一样痛苦，谁又能给谁救赎,0,0,0,5
八月芳华,0,0,0,22
一班旧事,0,0,0,8
生活存稿,0,0,0,110
北漂生存指北,0,0,0,8
Babylon语法,0,0,0,297
不正经自传,0,0,0,127
往事不随风,0,0,0,64
短期北漂人物图鉴,0,0,0,71
内观：发现真实的自己,0,0,0,57
曾经喜欢一个人,0,0,0,1022
我会遇见你,0,0,0,386
爱情终将变圆满,0,0,0,7276
世界奇妙物语,0,0,0,442
恋爱的困惑,0,0,0,9772
7.6,12,1.79,184014081338130712931272311428818288
慧问慧答,0,0,0,474
喜欢人不犯法,0,0,0,9549
世界于我大有不同,0,0,0,435
10461018813248172137263190184123
大哆咪的爱情,0,0,0,2147
占星随笔,0,0,0,3696
空想家的一百天,0,0,0,114
7.8,16,2.90,1249111394011701621661234152134
3.99,12010710510488
青春坠落在哪里,0,0,0,3558
奇妙宠物店纪事,0,0,0,241
老朱、阿呆和狗,0,0,0,723
虞美人不开,0,0,0,116
占卜萱言,0,0,0,380
人生路上 我们一起,0,0,0,15
我的前二十年,0,0,0,29
此刻阳光照耀,0,0,0,40
最坏不过余生都是回忆,0,0,0,106
十五岁的梦,0,0,1.99,822
阳和启蛰,0,0,0,19
粉红色的小诗,0,0,0,154
梦想，是个动词,0,0,0,248
草木集,0,0,0,398
三年养娃两年模拟——论科学养狗的重要性,0,0,0,2239
你所谓的所谓,0,0,0,117
土豆爱上番茄,0,0,0,195
命运让我们相遇,0,0,0,259
心海勾陈,0,0,0,66
90后成长笔记,0,0,0,538
别郁闷，你那有那么多观众,0,0,0,310
致时间,0,0,0,17
西兰花很好吃,0,0,0,94
晨曦英雄的小黑本,0,0,0,12
有些路注定要一个人走,0,0,0,1740
漏雨的天堂,0,0,0,56530
稳稳的幸福,0,0,0,8
无题,0,0,0,37
诗歌之树,0,0,0,17
两排楼，小小院,0,0,0,182
把日子过成雷同,0,0,0,286
与不爱者言爱,0,0,0,207
山有木兮木有枝,0,0,0,415
女人，你之所以不开心，因为违背了幸福规律,0,0,0,44
恋心,0,0,0,116
你好，再见？,0,0,0,61
夏小糖的心理驿站,0,0,0,28
我的故事，想讲给你听,0,0,0,17
年轻的迷雾,0,0,0,35
洛丽塔：我的生命之光，我的欲望之火,0,0,0,26
请给电脑连接打字机,0,0,0,98
菩菩和小孔的日常生活,0,0,0,51
和寂寞出走——记夏日速旅,0,0,0,61
学海无涯,0,0,0,974
致时间,0,0,0,17
漏雨的天堂,0,0,0,56530
我的前二十年,0,0,0,29
有些路注定要一个人走,0,0,0,1740
无题,0,0,0,37
诗歌之树,0,0,0,17
两排楼，小小院,0,0,0,182
粉红色的小诗,0,0,0,154
草木集,0,0,0,398
阳和启蛰,0,0,0,19
三年养娃两年模拟——论科学养狗的重要性,0,0,0,2239
把日子过成雷同,0,0,0,286
土豆爱上番茄,0,0,0,195
与不爱者言爱,0,0,0,207
心海勾陈,0,0,0,66
90后成长笔记,0,0,0,538
山有木兮木有枝,0,0,0,415
十五岁的梦,0,0,1.99,822
晨曦英雄的小黑本,0,0,0,12
女人，你之所以不开心，因为违背了幸福规律,0,0,0,44
我的昨天、今天、明天（原创）,0,0,0,6
原来恋爱的故事是这样的啊,0,0,0,10
用“心”看电影,0,0,0,7595
写作魔方,0,0,0,18
草木皆兵——女兵回忆手记30天,0,0,0,21
秘室,0,0,0,5926
密林深处,0,0,0,3254
文学有毒,0,0,0,3
心与胃，不过图个温饱,0,0,0,1303
九張情書,0,0,0,65
5.00,1002875873128936475706361
奇葩人类博物馆,7.6,27,0,13382
黑爱,0,0,0,512
观,0,0,0,32
人在山中游,0,0,0,119
此致，敬礼,0,0,0,1106
古今情事,7.2,20,0,11164
听风,0,0,0,153
未曾走过的路,0,0,0,2480
不要慌，真青年是不会慌的,7.8,11,0,9142
爱情至上主义,0,0,0,3178
我在心理咨询椅上看你,7.6,11,0,730
一个寻常人的故事,0,0,0,26
浮世颂,0,0,0,4044
致大学——花开如火也如寂寞,0,0,0,298
无理论·第一辑,0,0,0,23
天书谈,0,0,0,570
奇葩的世界,0,0,0,6
荒野拾遗,0,0,0,419
媚影情感,0,0,0,36
精神病人,8.2,13,0,13097
甜涩单身日记,0,0,0,4296
一个人的私奔,0,0,0,2497
尘埃写作,0,0,0,608
故乡旧事,0,0,0,10186
秘室,0,0,0,5926
古今情事,7.2,20,0,11164
精神病人,8.2,13,0,13097
不要慌，真青年是不会慌的,7.8,11,0,9142
心与胃，不过图个温饱,0,0,0,1303
用“心”看电影,0,0,0,7595
我在心理咨询椅上看你,7.6,11,0,730
天书谈,0,0,0,570
浮世颂,0,0,0,4044
密林深处,0,0,0,3254
爱情至上主义,0,0,0,3178
九張情書,0,0,0,65
5.00,1002875873128936475706361
故乡旧事,0,0,0,10186
奇葩人类博物馆,7.6,27,0,13382
黑爱,0,0,0,512
甜涩单身日记,0,0,0,4296
写作魔方,0,0,0,18
育儿育己，我的育儿memo,0,0,0,8
没发誓做了不起的人，也不想这样过一生,0,0,0,31
Ella Baby Book,0,0,0,8
离欢,0,0,0,168
影子生活,0,0,0,276
随笔小记,0,0,0,19
热恋者,0,0,0,28
这就是生活,0,0,0,122
浮生,0,0,0,11
小鸭二三事,0,0,0,37
考研日记,0,0,0,430
谁不是一边疼痛，一边成长,0,0,0,26
在向死而生的路上,0,0,0,27
天涯,0,0,0,43
夏日友人混账,0,0,0,14
我和先生的三两小事,0,0,0,19
一颗孤寂的小星球决定要爆炸,0,0,0,31
陌生的姑娘 我爱你,0,0,0,60
人间小故事,0,0,0,45
1996,0,0,0,82
我们回家,0,0,0,69
此致，敬礼,0,0,0,1106
古今情事,7.2,20,0,11164
听风,0,0,0,153
未曾走过的路,0,0,0,2480
不要慌，真青年是不会慌的,7.8,11,0,9142
我在心理咨询椅上看你,7.6,11,0,730
一个寻常人的故事,0,0,0,26
浮世颂,0,0,0,4044
荒野拾遗,0,0,0,419
无理论·第一辑,0,0,0,23
你若安好，便是晴天,0,0,0,206
天书谈,0,0,0,570
奇葩的世界,0,0,0,6
小的聂,0,0,0,162
媚影情感,0,0,0,36
精神病人,8.2,13,0,13097
甜涩单身日记,0,0,0,4296
一个人的私奔,0,0,0,2497
尘埃写作,0,0,0,608
故乡旧事,0,0,0,10186
我的岁月无欺,0,0,0,33
二·花,7.2,20,0,21188
且以永日,0,0,0,1016
生活近处是繁花,0,0,0,37127
最美的爱情，遇见最美的你,0,0,0,50
这就是生活,8.8,229,0,73867
爱是一种能力,0,0,0,568
情色犬马,0,0,0,2716
谈谈情说说爱,0,0,0,1307
两性辣谈,0,0,0,1018
小周庄消失记,0,0,0,202
1.99,1231029373757112130514
那些你教我的事,0,0,0,1705
故乡有多远,0,0,0,16664
剩况不止，相亲不息,0,0,0,4664
不止如此,0,0,0,847
远去的山村,0,0,0,488
木星栖息日记,0,0,0,255
在爱情里，你该知道的事,0,0,0,387
弗洛伊德的躺椅,0,0,0,19159
谈谈情说说爱,0,0,0,1307
二·花,7.2,20,0,21188
且以永日,0,0,0,1016
生活近处是繁花,0,0,0,37127
故乡有多远,0,0,0,16664
这就是生活,8.8,229,0,73867
爱是一种能力,0,0,0,568
木星栖息日记,0,0,0,255
好恋人养成记,0,0,0,5390
两性辣谈,0,0,0,1018
小周庄消失记,0,0,0,202
1.99,1231029373757112130514
那些你教我的事,0,0,0,1705
剩况不止，相亲不息,0,0,0,4664
我用奔跑告诉你，我不回头,7.6,69,0,162033
不止如此,0,0,0,847
远去的山村,0,0,0,488
情色犬马,0,0,0,2716
在爱情里，你该知道的事,0,0,0,387
弗洛伊德的躺椅,0,0,0,19159
灯在前,0,0,0,13
他她们,0,0,0,195
旺旺屋,0,0,0,300
开始找工作但又对工作困惑的生活记录,0,0,0,2039
你是我冒险的梦,0,0,0,354
爱情的模样,0,0,0,123
无言,0,0,0,26
我的这一生,0,0,0,22
我和生活这个骗子的战争,0,0,0,328
高敏感者的臆想世界,0,0,0,39
地中海之光,0,0,0,28
一个人的城市,0,0,0,50
告别,0,0,0,12
开始找工作但又对工作困惑的生活记录,0,0,0,2039
朋友圈人物小传,0,0,0,43
我用奔跑告诉你，我不回头,7.6,69,0,162033
有趣的人,0,0,0,21
为了遇见你，我变成最好的自己,0,0,0,37
献给昨日的玫瑰,0,0,0,27
好恋人养成记,0,0,0,5390
故乡有多远,0,0,0,16664
一个非典型乡村少年的七十年代,0,0,0,3
最时光,0,0,0,32
1.99,1231029373757112130514
呓语,0,0,0,115
熊猫小姐的专栏,0,0,0,590
我们都是取暖的豪猪,0,0,3.99,686
3.99,33053172306429992993496413415406433
221816211335118333419019310957150
7907297126934344516827
65262061051211815292117
疑难杂症,0,0,0,179
去过悠闲的生活,0,0,0,3426
骏蝶说,0,0,0,972
有故事的陌生人,0,0,0,21
浮云旧事温柔,0,0,0,3554
望女成凤失败录,8.0,19,0,6990
告女性说,0,0,0,1203
中国搭讪第一人,7.4,29,0,9819
猫友记,0,0,0,53
孤独是成长茶话会里的必需品,0,0,0,564
成长日记,0,0,0,17
当我抑郁时，我在想什么,0,0,0,334
失落指南,0,0,0,722
幸福的定义,0,0,0,249
未来先生,0,0,0,382
种“心”术,0,0,0,956
那一百话相亲的故事,0,0,0,953
致那些无法兑现的梦想,0,0,0,44
迟到的间隔年,0,0,0,406
余生的琐碎事,0,0,0,56
劳师奶与劳小姐,0,0,0,881
闲暇拾光,0,0,0,37
成长，是修行。,0,0,0,91
奔三的你,0,0,0,215
健康生活,0,0,0,2345
纯白往事,0,0,0,669
断档日记,0,0,0,83
俗世处方笺,0,0,0,4473
我与过去,0,0,0,996
夜字,0,0,0,9
万能青年养成计划,0,0,0,74
微如风,0,0,0,109
努力地成为自己想要成为的样子,0,0,0,127
生逢谭家,0,0,0,1048
欲与虚,0,0,0,500
写给你的100封情书,0,0,0,163
生活随笔,0,0,0,196
月光还是少年的月光,0,0,0,31
但愿生活如沐春风,0,0,0,17
沧海一粟,0,0,0,8
声色万象,0,0,0,1746
悠然如花行人间,0,0,0,24
明天的故事,0,0,0,80
大概小时候，或者高调告白吧,0,0,0,13
我只对思考上瘾,0,0,0,5
一个男生的自白,0,0,0,30
带我来者 带我归,0,0,0,211
趁年轻，要任性,0,0,0,57
叹息后的热情,0,0,0,28
高三九班的故事,0,0,0,20
你所不知道的韩国企业,0,0,0,39
非典型爱情故事,0,0,0,24
孤独是成长茶话会里的必需品,0,0,0,564
熊猫小姐的专栏,0,0,0,590
当我抑郁时，我在想什么,0,0,0,334
致那些无法兑现的梦想,0,0,0,44
失落指南,0,0,0,722
俗世处方笺,0,0,0,4473
疑难杂症,0,0,0,179
告女性说,0,0,0,1203
成长日记,0,0,0,17
种“心”术,0,0,0,956
那一百话相亲的故事,0,0,0,953
健康生活,0,0,0,2345
余生的琐碎事,0,0,0,56
劳师奶与劳小姐,0,0,0,881
有故事的陌生人,0,0,0,21
闲暇拾光,0,0,0,37
迟到的间隔年,0,0,0,406
纯白往事,0,0,0,669
断档日记,0,0,0,83
我与过去,0,0,0,996
日记与随感,0,0,0,4
幸福的定义,0,0,0,249
我的成长日记,0,0,0,218
未来先生,0,0,0,382
碗里有饭,0,0,0,41
少女情怀总是诗,0,0,0,44
欲与虚,0,0,0,500
一个人独自旅行。最全泰国攻略。,0,0,0,425
大学纪事（2014）,0,0,0,17
月光还是少年的月光,0,0,0,31
若相逢,0,0,0,19
成长，是修行。,0,0,0,91
生逢谭家,0,0,0,1048
悠然如花行人间,0,0,0,24
奔三的你,0,0,0,215
我骑行回家,0,0,0,8
微如风,0,0,0,109
十分钟零和游戏,0,0,0,97
长篇纪实文学 古卫东的瓦尔登,0,0,0,396
谎花儿,0,0,0,565
那年，那人，那事,0,0,0,92771
童年回忆录,0,0,0,88
一份学习报告,0,0,0,21
爱情,0,0,0,99
亲爱的生活,0,0,0,38
白羊座,0,0,0,170
恼人的婚恋,0,0,0,35
解爱酒馆,0,0,0,16268
我们写给朋友的信,0,0,0,62
余生,0,0,0,16
草木有知,0,0,0,530
从故乡到上海，那些如风往事,0,0,0,1559
陌上心理,0,0,0,1614
少年怪癖,0,0,0,67
即止,0,0,0,1308
CoCo小姐养成记,0,0,0,61
出逃记,0,0,0,36
口吃杂记,0,0,0,13156
当时喜欢你,0,0,0,579
洛一的日记,0,0,0,9
似是故人来,0,0,0,28
我和你和Ta,0,0,0,34
青春的旁观者,0,0,0,50
因为爱情,0,0,0,22
痛苦的人,0,0,0,17
一个60后的真实人生【第四部】,0,0,0,3461
考研心理历程,0,0,0,53
Miss Young的旅途日记,0,0,0,23
致世界的七封情书,0,0,0,5
一个草根六零后的隐私（初恋情书）,0,0,0,302
心理故事,0,0,0,26
兔儿尾,0,0,0,9
洛一的日记,0,0,0,9
我和你和Ta,0,0,0,34
青春的旁观者,0,0,0,50
似是故人来,0,0,0,28
痛苦的人,0,0,0,17
一个60后的真实人生【第四部】,0,0,0,3461
考研心理历程,0,0,0,53
Miss Young的旅途日记,0,0,0,23
致世界的七封情书,0,0,0,5
一个草根六零后的隐私（初恋情书）,0,0,0,302
...,0,0,0,35
兔儿尾,0,0,0,9
忘风的不正经影评,0,0,0,13
你想见的光，我愿努力去完成,0,0,0,368
我和你和Ta,0,0,0,34
青春的旁观者,0,0,0,50
我的日子过得好慢,0,0,0,15
梦中帆,0,0,0,15
老徐大院,0,0,0,2040
致世界的七封情书,0,0,0,5
随遇而记,0,0,0,23
...,0,0,0,35
忘风的不正经影评,0,0,0,13
他们生活的世界,0,0,0,5446
一碗人间烟火,0,0,0,14
看电影，聊爱情,0,0,0,276
男版脱单指南,0,0,0,293
最美不过时光,0,0,0,10308
爱情怪谈录,0,0,0,6603
7.2,25,3.99,7275716269151771157222311437137012651357
7.8,16,6.99,75937261655266421210889819754704755
以浅薄的眼光看世界,0,0,0,120
人间剧场,7.4,15,0,46064
城市故事,0,0,0,50
一个女青年的日常碎碎念,0,0,0,9
浮生故事,0,0,0,1589
你消逝的背影，我用目光追随,0,0,0,7448
暴风雨的午安,0,0,0,67
你只负责精彩，天意自会眷顾,0,0,0,3292
如何在成长的路上成为更好的自己,7.6,24,0,3824
白首之约,0,0,0,1855
去你的选择恐惧症,0,0,0,1185
嗜独情深：30岁后，先独居它个3年,0,0,0,1545
岁月如吃,0,0,0,5054
女二号爱情故事,0,0,0,845
一页上海,0,0,0,37
12.00,3089273526562652483456461468435455
迎刃自信,7.2,32,0,106367
大猫和小猫的故事,7.8,19,0,6911
娱乐与情感,0,0,0,2587
心食解构 | 暴食症疗愈篇,0,0,0,707
欧美电影推荐,0,0,0,27
无为道，有为德,0,0,0,67
成长这件大事,0,0,0,1933
谁让你颠沛流离,0,0,0,2430
我不能空着我的手,0,0,0,114
我和我爸的日常,0,0,0,43
生活的智慧,0,0,0,42
Deer,0,0,0,116
我们和女儿共同成长,0,0,0,267
往事爬上来,0,0,0,3154
不食竹子的熊猫,0,0,0,11
诗酒渡年华,0,0,0,38
记絮,0,0,0,38
剪影（时光）,0,0,0,705
msiy,0,0,0,17
我也曾以为这是余生,0,0,0,240
我不是归人,0,0,0,114
重塑更好的自己,0,0,0,29
再见2004,0,0,0,15
那些路过的人,0,0,0,72
遇见余生,0,0,0,1432
我是如何挂了4科的,0,0,0,52
无人谱曲，我依然写心中的原创歌词,0,0,0,116
惺惺相惜结伴一程,0,0,0,152
心情在生活中荡心琴，情感在思想里悟情性。,0,0,0,70
一世繁花 开至荼蘼,0,0,0,8
围炉夜话,0,0,0,286
那似花非花的岁月,0,0,0,116
四季花开,0,0,0,137
脚步慢下来，才能看到更多风景,0,0,0,107
猫说,0,0,0,13
佛系精神生活指南,0,0,0,616
失眠的小行星,0,0,0,31
气味,0,0,0,26
遇见的下一站是陪伴,0,0,0,21
面对面我和你讲,0,0,0,3
2343w42,0,0,0,48
纽约叙谈—这座城和走过的人,0,0,0,8
在角落 记于枕边,0,0,0,35
丹凤眼猪,0,0,0,161
写给她的第999封情书,0,0,0,19
我的大学生活,0,0,0,87
《草木人间——路书》,0,0,0,56
绑架者,0,0,0,1116
凌晨两点半白蛇,0,0,0,13
闪闪发光的儿童文学,0,0,0,95
他们生活的世界,0,0,0,5446
你只负责精彩，天意自会眷顾,0,0,0,3292
如何在成长的路上成为更好的自己,7.6,24,0,3824
不要让自己难过太久,0,0,0,4381
《爱情发生之前》,0,0,0,44
去你的选择恐惧症,0,0,0,1185
爱情怪谈录,0,0,0,6603
12.00,3089273526562652483456461468435455
7.2,25,3.99,7275716269151771157222311437137012651357
最美不过时光,0,0,0,10308
7.8,16,6.99,75937261655266421210889819754704755
迎刃自信,7.2,32,0,106367
大猫和小猫的故事,7.8,19,0,6911
攻星计,0,0,0,6138
我最喜欢你,0,0,0,7
汲江煎奶茶,0,0,0,3
人间剧场,7.4,15,0,46064
平凡的活下去，也需要勇气,0,0,0,23
愿你颠沛流离，终有人爱,0,0,0,1368
西外札记,0,0,0,50
二十二减一,0,0,0,33
枝繁叶茂,0,0,0,33
回来的爱,0,0,0,384
毒汤,0,0,0,1690
初笔记——用练习写作来消磨时光,0,0,0,2730
青春，不止一种颜色,0,0,0,14636
安徒生故事改编,0,0,0,189
电话里的人生,0,0,0,82
一颗牙疼,0,0,0,1083
见字如晤,0,0,0,95
你我他的二三事,0,0,0,55
夏虫语于冰,0,0,0,41
我的前半生中,0,0,0,84
发掘更美的自己,0,0,0,2680
布衣蔬食忆清欢,0,0,0,2159
章鱼小姐的碎碎念,0,0,0,172
人生，没有剧本的电影,0,0,0,197
迷茫也是忙,0,0,0,34
人间值得,0,0,0,10
一生一瞬,0,0,0,11
千万次相遇与一次重逢,0,0,0,30
二十二减一,0,0,0,33
做个有福气的人,0,0,0,97
枝繁叶茂,0,0,0,33
回来的爱,0,0,0,384
我的前半生中,0,0,0,84
余鹄,0,0,0,25
他说,0,0,0,445
少女那天的烦恼,0,0,0,612
人生，没有剧本的电影,0,0,0,197
南乔手札,0,0,0,250
失恋邮局,0,0,0,26
初笔记——用练习写作来消磨时光,0,0,0,2730
他们的天空没有太阳,0,0,0,4
安徒生故事改编,0,0,0,189
我陪你聊聊情绪,0,0,0,157
时之繁花,0,0,0,14
想当诗人的时候,0,0,0,20
灵魂碎片,0,0,0,320
你真的不懂吸烟,0,0,0,25
我很笨但还是炒鸡喜欢你,0,0,0,32
四季深圳,0,0,0,1407
童话里的男孩女孩,0,0,0,61
素心,0,0,0,27
出走遣悲怀,0,0,0,232
家常味道,0,0,0,9
20年后的检讨,0,0,0,28
南半球的悠哉时光,0,0,0,12
文子酱麻麻的絮絮叨叨,0,0,0,7
你走了那么久，一定很累吧,0,0,0,107
一个人私奔,0,0,0,200
西外札记,0,0,0,50
二十二减一,0,0,0,33
见字如晤,0,0,0,95
枝繁叶茂,0,0,0,33
回来的爱,0,0,0,384
毒汤,0,0,0,1690
余鹄,0,0,0,25
迷茫也是忙,0,0,0,34
发掘更美的自己,0,0,0,2680
少女那天的烦恼,0,0,0,612
电话里的人生,0,0,0,82
南乔手札,0,0,0,250
愿你颠沛流离，终有人爱,0,0,0,1368
我的前半生中,0,0,0,84
初笔记——用练习写作来消磨时光,0,0,0,2730
安徒生故事改编,0,0,0,189
我陪你聊聊情绪,0,0,0,157
章鱼小姐的碎碎念,0,0,0,172
人生，没有剧本的电影,0,0,0,197
当风雨已过，请迎着最后一抹夕阳走入我心,0,0,0,229
一个人私奔,0,0,0,200
椰风海韵,0,0,0,8
无处安放的内心,0,0,0,416
活在单身的日子里,0,0,0,98
转型业务之路--除了痛还是痛,0,0,0,22
听说时光不会老去,0,0,0,68
流年，为谁彳亍,0,0,0,66
抑郁女青年的备忘录,0,0,0,119
恋爱清单,0,0,0,183
绿色邮箱,0,0,0,686
相亲的苦痛经历,0,0,0,53
告别21岁,0,0,0,38
愿你如星辰，明媚不忧伤,0,0,0,92
我的校园日记本,0,0,0,49
喜欢是乍见之欢，而爱是久处不厌。,0,0,0,390
丧而欢歌,0,0,0,6
原生家庭,0,0,0,1394
想回到过去,0,0,0,21
我亲爱的姥爷,0,0,0,10
不怎么样的25岁，谁都有过,0,0,0,6602
禅修作家的日常随笔(Part 3),0,0,0,89
那些电影里我们的故事,0,0,0,66
致五年后的自己,0,0,0,49
写给她的情书,0,0,0,17
我独自生活,0,0,0,82
Group sex 观察录,8.2,11,0,7364
只属于她的365个清迈,0,0,0,179
23岁的下半年,0,0,0,96
只属于她的365个清迈,0,0,0,179
禅修作家的日常随笔(Part 3),0,0,0,89
抑郁女青年的备忘录,0,0,0,119
我独自生活,0,0,0,82
Group sex 观察录,8.2,11,0,7364
原生家庭,0,0,0,1394
想回到过去,0,0,0,21
23岁的下半年,0,0,0,96
我亲爱的姥爷,0,0,0,10
我的未来都有你,0,0,0,29
致五年后的自己,0,0,0,49
见闻录：印度的旅行,0,0,0,39
不怎么样的25岁，谁都有过,0,0,0,6602
日常生活感悟,0,0,0,36
那些电影里我们的故事,0,0,0,66
莫不静好,0,0,0,45
小事其实并不小,0,0,0,1094
写给她的情书,0,0,0,17
年少不轻狂系列,0,0,0,37
人类自救指南,0,0,0,46
朋友间的友谊,0,0,0,12
走出“高原地带”——姜广平教育随笔,0,0,0,150
宝贝别怕，这就是人间,0,0,0,27
生活备忘录,0,0,0,14
