秋日便当,8.6,700,1.99,114680
买农场就像找老婆,7.6,13,2.99,1182
力哥说理财,9.6,125,0,8855782
加拿大的面子和里子,0,0,0.00,992
东北疯食录,9.4,68,0,62038
你懦弱 你凶悍,0,0,0,2912
人之大欲,7.6,161,0,9833
遇见疯狂的职场,7.6,17,2.99,4976
最好的厨房,7.0,94,1.99,14755
夏日便当·修订版,8.8,1238,1.99,175990
一百件，刚刚好,8.8,340,0,200478
好身材从心出发,8.2,67,9.90,23529
9.4,406,6.99,39773352243361012816906288187793744670157090
荷尔蒙,8.4,1929,0,178073
与人相处那些事,9.2,87,0,229768
春日便当,9.0,811,1.99,116528
冬日便当,9.0,758,1.99,111736
乡味缭绕,0,0,0.00,192
饭醉记录,8.8,921,1.99,65158
浮生六记（译文版）,9.2,19,1.99,10925
四季家常味,8.4,78,1.99,15620
我爱你，但不会上瘾,8.6,111,0,54218
时令散记,0,0,1.99,2302
痛经是一本经,8.4,689,1.99,64719
偷吃,7.6,340,0,6851
吃女神食物,6.6,230,6.00,32958
零基础学投资,8.2,452,0,664147
穿个明白,8.6,49,0,127193
老虎来喝下午茶,10.0,99,0,1142003
小旅馆记事,9.2,43,0.99,0.99,3802
衣橱故事,8.6,212,0,518229
莫失莫忘：我的手帐路,8.6,54,0,56797
槽意人生,9.6,24,0,10891
我家沙发借你睡,9.6,36,0,17548
吃货须知,8.0,262,0,13775
把日子过成雷同,8.8,23,1.99,4184
7.6,12,5.99,3831312627501141837739617626608610
鸡汤经济学,9.2,38,0,18716
女神日常修炼手册,8.4,2626,0,5911989
秒杀时装精,8.0,80,2.99,7163
全球理财没那么难,9.0,48,0,704770
逆向管理：用行动迫使自己去思考,0,0,0,153
独立译者的日常,9.4,125,0,10584
西方首饰历史,0,0,0,58
理财投资入门攻略,7.6,38,0,25514
到美国喝咖啡去！,8.2,15,1.99,1908
如何拥有好皮肤,8.2,215,0,327009
极简主义生活,7.6,79,0,57572
犄角旮旯寻美食（第二季）,8.6,18,1.99,2466
二十一岁以及我的余生,9.6,434,0,471310
宋朝食序,9.6,32,0,52136
小食,8.0,33,1.99,1699
姐不想上班,9.2,29,1.99,6446
占星秘钥,6.6,12,0,1511
北美留食记,9.6,44,0,24847
吃素稗闻,7.0,1268,0,35675
穿着普拉达的中国实习生,7.8,41,0,16799
这不是普通的护肤课,0,0,0,9594
遇见疯狂的职场,8.0,15,0,36381
巴黎谈吃,0,0,0,15801
吾家清供,0,0,0,80
如何疗愈原生家庭中的爱与痛,0,0,2.99,2439
英国生活杂记,0,0,0,104
护肤是个技术活,8.2,202,0,394560
9.4,81,3.99,139689042101193912330529792545223424212853
姐曾经16岁,0,0,0,86
当我谈瑜伽时我谈些什么,9.2,105,0,734421
一个小女孩的长大,9.0,133,1.99,11821
暴食途径,8.0,52,0,25854
深夜谈吃,8.4,31,1.99,5014
行走中的思考者,0,0,0,223
背包客和文艺青年故事集,8.0,11,1.99,7114
精致女神养成记,9.0,265,0,50811
有一种求知欲叫刁馋,0,0,0,5237
9.2,59,4.99,2375319353178986237529349945221493748294806
夫妻亲密关系手册秘密分享,0,0,0,6293
小食纪,8.0,18,1.99,3460
Low Fashion,8.2,343,0,853558
打响钱包捍卫战,9.0,355,0,192368
生于忧患，死于餐饭,9.8,38,0,64241
折腾,8.4,74,2.99,17004
我的隐士爸爸,0,0,1.99,546
须弥芥子,0,0,0,406
乡野美食唇齿间（上）,9.2,23,1.99,4019
玩刺绣,7.6,15,1.99,1744
茶间花语,0,0,0,10
护肤品的成分必修课,9.0,230,0,382094
林下之风的看剧手册之2018秋冬篇,0,0,0,241
如何建立投资交易系统,0,0,0,221
四十二章经,0,0,0,2608
写在脸上的智慧,7.8,29,0,26902
Crack a Bottle,8.8,46,0,27884
时尚小白穿搭术,7.4,40,0,10593
设身@第五大道,9.4,135,0,269387
育儿经实践笔记,7.4,14,0,8489
西游日记——在英国的一年半载,0,0,0,500
吃掉的人生,9.6,133,0,188519
来自星星的小王子,0,0,0,3278
我是女人,0,0,0,938
7.2,11,19371632164326511152140904870
闲话太极拳,0,0,0,7121
关于儿童,0,0,4.99,1386
佛家《金刚经》原理运用,0,0,0,423
九宫格创意思维导航,0,0,0,7309
逆生长研究所,9.2,122,0,157118
吃吃看！,8.0,37,1.99,5670
鱼米乡之味,0,0,4.99,1096
十大行星落十二宫位,0,0,0,268
科学护肤，那些你不可不知的事儿,0,0,0,443
媳与我,7.2,35,0.99,5034
食为天,0,0,0,10
我的瘫痪日记,9.6,90,0,87456
7.6,192,0.99,2358423628223065811488753695339490646535040
文艺青年的全职妈咪手册,8.4,140,1.99,10187
9.0,98,1.99,1041786498274699061945744023428881749
寻味记,0,0,0,679
别让通货膨胀偷走你的人生,7.6,128,1.99,10118
职场妈妈的第一年,8.8,149,0,196691
每日便当,7.4,41,0,4569
美国经济观察,7.4,11,0,5674
设计，是累的时候让你笑起来的东西,7.6,24,1.99,4843
向着山麓的另一端,0,0,0,195
你的咖啡，我的故事,8.4,34,0,84443
SOS！女神急救手册,0,0,0,50762
成长与改变,0,0,0,2290
我在英国做花园,0,0,0,383
更好的父母，更好的自己,0,0,0,873
少女不背LV,8.4,210,0,133912
北欧食事,0,0,0,161
少女心机生活指南,8.8,603,0,443446
食色幸也,0,0,0,57
白鲸事,0,0,0,75
有绘本的童年,8.0,18,0,200950
狗友养成记,6.8,33,0,16307
吃、喝、爱之事,0,0,0,160
青盐米饭,9.4,113,0,351357
壹周独财,0,0,0,7778
北京的春秋与悲喜,0,0,0,2736
如何快速提高儿童棋艺,0,0,0,603
剩女的跑步笔记,9.4,54,0,47393
国产电影系列评论,0,0,0,7
《聊斋志异》中的爱恨情仇,0,0,0,584
家长这样指导，小学孩子成绩最优秀,0,0,1.99,674
互联网，重构经济生态,0,0,0,11845
世界百强外企HR告诉你：如何轻松搞定面试,0,0,0,3649
“龙爷爷说故事，长智慧”专栏,0,0,0,1
有食有欲,0,0,0,3442
我只写“马克吐温”那样的小故事,0,0,0,113
初探日本房产以及air bnb,0,0,0,182
陌生人的肖像,0,0,0,62
病人与它 关于遇见你,0,0,0,32
好吃潮汕,7.8,21,0,14535
城市的海洋日记,0,0,0,58
欧城小事,0,0,0,238
炒股就是炒人性,8.0,24,0,16911
我和刘能有个约会,0,0,0,8
100个追逐热爱的故事,0,0,0,42
呦，就这样当妈了,7.8,12,0,3480
F食集,0,0,0,37
健身十二课,0,0,0,6737
in & out 清单,0,0,0,67
化妆品成分补习班,9.2,246,0,11292
轻便生活,8.8,61,0,29356
80后新妈妈修行记,7.6,12,0,37712
他们的烟火人间,0,0,0,1516
乡间琐事,0,0,0,151
首尔生活札记,0,0,0,2964
怎样成为一个好老师？听百位基层教师讲故事,0,0,0,192
胡诌八扯,0,0,0,48
爱·食·记,0,0,0,31239
图的就是个乐儿,0,0,1.99,584
极简产品设计之道与术,0,0,0,492
有些话只对女孩说,7.4,53,0,16609
可乐软糖和新鲜菠萝蜜,0,0,0,6
活在生活之外,0,0,0,296
边走边吃,0,0,0,32776
如何疗愈原生家庭中的爱与痛,0,0,0,1470
妈宝在欧洲的这些年,0,0,0,3
纽约食事,8.2,26,0,68036
38个不上班的理想青年,0,0,0,666
父母的心灵课,0,0,0,1354
外国的月亮比较圆吗？,0,0,0,749
小城回味录,0,0,0,4157
我在伦敦做奢侈品市场的日子,8.4,61,0,13110
为什么有些人看起来比较老,7.6,22,0,34340
霓虹圣经・900天留日生存手册,0,0,0,519
中国货币史话写真录,0,0,0,6909
少女之友,7.8,22,0,96923
手把手教您“亲子阅读”,0,0,0,8807
因子成我,0,0,1.99,1150
一个全职妈妈的成长笔记,0,0,0,34646
时代杂谈,0,0,0,31
一窝鸟鸣,0,0,1.99,464
写给时间的诗,0,0,0,110
炼香记,8.2,20,0,22463
一个心理咨询师对世界的思考,0,0,0,323
她理财专刊079期·如何挽救亏损的基金？,0,0,0,126
蹭饭笔记,8.6,30,2.99,4815
国内精简生活——省钱之道,0,0,0,49
IT女民工告别土肥圆,9.0,115,0,80526
转行HR,0,0,0,641
当代青年生活指南,8.6,96,0,49500
如何养出一个更漂亮的宝宝,0,0,0,225
活在生活之外,0,0,1.99,886
叫我时髦女青年,8.2,92,0,253602
薰衣草不是草,0,0,20.00,1575
财商课堂,8.0,34,0,323219
就这样陪着你慢慢长大,0,0,0,913
华尔街赢了世界又如何！,0,0,0,6354
IT GIRL 时尚装扮100分,0,0,0,13
女神养成记,7.4,16,0,12682
当文艺妈遇见逗比娃,7.4,21,2.99,4684
你所陷入的健康误区,0,0,0,29
酷瑞减肥法,7.4,26,0,55155
半年一个小目标，走心减肥30斤,0,0,0,422
辞职以后的100种活法,7.8,23,0,30236
一起多肉吧^ ^,9.2,60,0,51117
看菜吃饭,7.2,46,0.99,4675
让老公跪拜在自己脚下,8.4,144,0,391978
儿子,9.6,84,0,11489
实体店万倍赚钱手册,0,0,0,658
2.99,14751284131112301249123108110102106
百万分之一,0,0,0,887
揪心的玩笑与漫长的白日梦,0,0,0,217
广州纪年,0,0,0,11
全职妈妈时间管理,0,0,0,163
记忆中的古早味,0,0,0,590
村庄,0,0,0,2457
和你在一起,0,0,0,7122
一枚文青的越野之路,7.6,11,0,6786
寂寞社交：吃喝组十年,8.0,43,0,75776
青春,0,0,0,31
间隙,0,0,0,147
7.8,11,5.25,216017901731166116681581162218011096
7.8,13,6.99,16941070935164
我与港大,0,0,0,85
时光书店,0,0,0,3996
西非散记,0,0,0,1093
1.99,12921131111516214010412916414094
你要成为女神式妈妈,8.0,70,0,34283
十八分之二的一百个问答,0,0,0,171
赚钱快与慢，选择太重要,0,0,0,152
肉食动物,0,0,0,243
跟着明星学说话,0,0,0,484
美食熊猫旅行记,0,0,0,903
我亲爱的“博士后”,0,0,0,2686
你不是饿，是寂寞,0,0,0,4081
我的花艺笔记,0,0,0,370
原来中医课是这个样子的,0,0,0,262
蹭饭笔记,0,0,0,5379
闲情札个记,0,0,0,29
成为研究生,0,0,0,13045
生活如茶，情感似酒,0,0,0,814
加拿大移民录,0,0,0,75
笑看繁华 无非放下,0,0,0,8
吃不惯,8.2,20,0,54179
一百个奋斗故事,0,0,0,214
手帐雕刻时光,0,0,0,1502
英格兰不定期记录,0,0,0,213
5岁哥哥给弟弟讲的30本胎教童书,8.8,88,0,16370
投资心法,7.2,11,0,8978
为自己穿上水晶鞋,8.4,145,0,85673
笨蛋，请这样生活着！,8.0,23,0,1405
与孩子沟通须知道,0,0,0,44944
咖啡猴的美食实验室,0,0,0,26
90后也会好好当老师,0,0,0,35
一箪食一瓢饮,0,0,0,516
想长什么样，就长什么样,7.8,50,0,25050
多囊卵巢终结者——Beat PCOS！,8.4,40,0,22902
幼儿教育之打怪十八式,8.0,12,0,34599
王老师的支教纪实,0,0,0,16
闲居岁月,0,0,0,164
怀孕的日子,7.8,31,0,28210
克卜勒少女回忆录,0,0,0,19
极简主义生活指南,8.4,101,0,10282
咂么,0,0,1.99,652
幼儿教育,7.6,11,0,4444
满满的都是食欲,0,0,0,8514
7.6,22,349330583199727461479514408419481
十万个美食为什么,0,0,0,30639
上班族的体育课,7.6,21,0,52675
成长的礼物,0,0,0,471
完胜幼小衔接,0,0,0,4503
你好哇，德国幼儿园,0,0,0,2548
遇见成长,0,0,0,1207
读人笔记——100位斜杠榜样的文字力量,0,0,0,1758
财女赛小魅,7.8,23,0,65914
台北盆地是个碗,0,0,0,1192
已婚少女煮成记,0,0,0,3038
你以为你多懂瑜伽,8.0,35,0,10722
佐餐罐头,0,0,0,2860
巷陌百味,7.6,17,0,37610
理财，选国内还是国外？,0,0,0,3512
斯京慢时光,0,0,0,2423
一人一桌,0,0,0,2060
3.00,275622411816539380301260204254323
也许芸知道,0,0,0,172
去纽约学女性政治哲学！,0,0,0,212
情绪博物馆,0,0,0,45
余生,0,0,0,7
遇见的下一站是陪伴,0,0,0,21
幸福的味道,0,0,0,28
写作间,0,0,0,39
我可能很调皮，那只是我不想老去,0,0,0,9
人生，请务必折腾,0,0,0,70
告别,0,0,0,12
迷雾学龄前,0,0,0,8
蓝石头,0,0,0,29
加加之旅(二),0,0,0,204
菩菩和小孔的日常生活,0,0,0,51
上海南昌路小记,0,0,0,65
成为一个会做饭的留学生,0,0,0,51
90后的单身心里,0,0,0,32
生活的智慧,0,0,0,42
咪呜记,0,0,0,83
两排楼，小小院,0,0,0,182
我的小短诗,0,0,0,77
松辽小草----康杰中学许振奎纪念文集,0,0,0,204
书生,0,0,0,11
母亲的一生回忆录,0,0,0,45
一颗孤寂的小星球决定要爆炸,0,0,0,31
电影中的喝鸡尾酒的男人,0,0,0,223
当代青年情感指南,0,0,0,639
7.6,22,349330583199727461479514408419481
上班族的体育课,7.6,21,0,52675
成长的礼物,0,0,0,471
完胜幼小衔接,0,0,0,4503
遇见成长,0,0,0,1207
3.00,275622411816539380301260204254323
满满的都是食欲,0,0,0,8514
财女赛小魅,7.8,23,0,65914
台北盆地是个碗,0,0,0,1192
煮一杯温酒，品一方岁月,0,0,0,20
已婚少女煮成记,0,0,0,3038
你以为你多懂瑜伽,8.0,35,0,10722
巷陌百味,7.6,17,0,37610
理财，选国内还是国外？,0,0,0,3512
一人一桌,0,0,0,2060
十块钱过一天——回到从前,0,0,0,22
也许芸知道,0,0,0,172
上海南昌路小记,0,0,0,65
成为一个会做饭的留学生,0,0,0,51
90后的单身心里,0,0,0,32
生活的智慧,0,0,0,42
二三堂,0,0,0,49
蓁子的倫敦亂亂走,0,0,0,19
我的实习是怎么过的,0,0,0,62
喜欢你的这么多年,0,0,0,107
怂萍有话,0,0,0,47
图里图外,0,0,0,60
松辽小草----康杰中学许振奎纪念文集,0,0,0,204
书生,0,0,0,11
两排楼，小小院,0,0,0,182
母亲的一生回忆录,0,0,0,45
我的小短诗,0,0,0,77
悠然如花行人间,0,0,0,24
读书笔记,0,0,0,110
咪呜记,0,0,0,83
电影中的喝鸡尾酒的男人,0,0,0,223
当代青年情感指南,0,0,0,639
旅食记,0,0,0,1682
容貌管理,0,0,0,223
7.4,11,57654304397039193981396321112684129
3.99,2079059139
如何用最少的代价拥有最对的手袋,8.6,81,0,63798
为娘随记,0,0,0,3185
1.99,640551538525528519521504510502
鱼米乡之味,9.0,41,0,300436
绘本解忧杂货店,0,0,0,6399
依教奉行的美食天地,0,0,0,1463
闲聊东北,0,0,0,8537
复利人生,7.2,24,0,33123
吃喝廿余年,0,0,0,15987
野食子,0,0,0,3177
幸福催化剂,0,0,0,94
记忆的味蕾,0,0,0,6326
那些当妈了才知道的事儿,0,0,0,2160
酱油白饭,0,0,0,396
港漂拾味,0,0,0,2249
有些人/事，不该被忘记,0,0,0,162
我在美国干文艺那些年,0,0,0,63
我的裸辞日记,0,0,0,314
药酒的秘密,0,0,0,181
倒悬的海洋,0,0,0,124
这些年，一些人，那些事。,0,0,0,84
真正离别的时候，可不可以不流泪,0,0,0,32
阅读认知干货,0,0,0,64
90后成长笔记,0,0,0,538
重度逻辑,0,0,0,142
猪小妹和陈大傻的故事,0,0,0,9
种子,0,0,0,82
二妮的广漂日记,0,0,0,15
纽约echoes,0,0,0,192
酱油白饭,0,0,0,396
北京流水,0,0,0,97
鱼米乡之味,9.0,41,0,300436
容貌管理,0,0,0,223
陪你度过漫长岁月,0,0,0,175
1.99,640551538525528519521504510502
我在淘宝开家翡翠店-开店笔记,0,0,0,433
那些当妈了才知道的事儿,0,0,0,2160
保研失败后,0,0,0,113
闲聊东北,0,0,0,8537
电影与人生,0,0,0,13
吃喝廿余年,0,0,0,15987
绘本解忧杂货店,0,0,0,6399
劳师奶与劳小姐,0,0,0,881
幸福催化剂,0,0,0,94
3.99,2079059139
胡思乱想,0,0,0,49
蜜糖不甜,0,0,0,194
为娘随记,0,0,0,3185
依教奉行的美食天地,0,0,0,1463
我住在刘庄——记我的乡居生活,0,0,0,370
祢是我的避难所：40天的灵修之旅,0,0,0,229
我的奶奶,0,0,0,9
毛中回忆录,0,0,0,142
Queen Size,0,0,0,28
中年夫妇养成记,0,0,0,8
日常365,0,0,0,33
触底—我与重度抑郁,0,0,0,78
只想做让自己高兴的事,0,0,0,29
漂,0,0,0,119
最美轮回路,0,0,0,399
孤独旅人,0,0,0,344
年轻的父母如何避免交智商税,0,0,0,30
坐在身边的那个陌生人,0,0,0,78
我在国企第五年,0,0,0,43
他就是我的全世界,0,0,0,26
记录我战胜熬夜毒瘾的二十一天,0,0,0,7
当你到来的时候,0,0,0,1865
撒哈拉以北，地中海以南,0,0,0,1780
鸭子季节,7.8,17,1.99,1353
宝器经济学,7.8,27,0,25888
十七,8.2,13,0,5081
漫漫亲子路,0,0,0,381
我们都想永葆20,0,0,0,1334
记忆里的城市 以及那些吃的,8.0,24,0,35423
布卢哎西杂货铺,0,0,0,2206
心理幼稚园,0,0,0,4603
食物记,0,0,0,15261
三人隽味,0,0,0,493
花开富贵谈理财,8.8,48,0,27909
1.99,4083683503453647354494751
说不尽的时尚娃娃,0,0,0,7629
小城无多事,0,0,0,1227
喝口酒，吃口菜,0,0,0,868
晓窗里,0,0,0,372
夜空中的星光,0,0,0,82
生而为人,0,0,0,36
童年回忆录,0,0,0,88
我和我爸的日常,0,0,0,43
有梦为马,0,0,0,188
相亲的苦痛经历,0,0,0,53
老萨看红楼,0,0,0,40
董小姐拾美记,0,0,0,50
恋爱清单,0,0,0,183
写在深夜里,0,0,0,289
梦想，是个动词,0,0,0,248
我把芬兰讲给你们听,0,0,0,54
弯腰凸背的框架眼镜,0,0,0,109
随笔集,0,0,0,52
心食解构 | 暴食症疗愈篇,0,0,0,707
皆是小事,0,0,0,235
我也曾以为这是余生,0,0,0,240
深夜杂谈,0,0,0,87
我的奇异果男人,0,0,0,483
品酒室故事，也用美食,0,0,0,518
我的变形记,0,0,0,27
幸运漂流瓶,0,0,0,38
迷路在人生,0,0,0,29
往日的林林总总,0,0,0,38
德国小城生活,0,0,0,99
fluffy diary,0,0,0,371
捻半手,0,0,0,389
深海,0,0,0,30
山中旧事,0,0,0,31
谢谢你陪我看世界,0,0,0,13
夜空中的星光,0,0,0,82
漫漫亲子路,0,0,0,381
撒哈拉以北，地中海以南,0,0,0,1780
有梦为马,0,0,0,188
十七,8.2,13,0,5081
生而为人,0,0,0,36
董小姐拾美记,0,0,0,50
记忆里的城市 以及那些吃的,8.0,24,0,35423
三人隽味,0,0,0,493
心理幼稚园,0,0,0,4603
梦想，是个动词,0,0,0,248
童年回忆录,0,0,0,88
写在深夜里,0,0,0,289
心食解构 | 暴食症疗愈篇,0,0,0,707
老萨看红楼,0,0,0,40
深夜杂谈,0,0,0,87
小城无多事,0,0,0,1227
我的奇异果男人,0,0,0,483
品酒室故事，也用美食,0,0,0,518
晓窗里,0,0,0,372
我很笨但还是炒鸡喜欢你,0,0,0,32
大概小时候，或者高调告白吧,0,0,0,13
Lights Go Out,0,0,0,378
《小P理财》03期：社保的好，比你知道的多,0,0,0,86
2343w42,0,0,0,48
拾碎,0,0,0,15
只身在新大陆漂移,0,0,0,1027
向命运抗争到底,0,0,0,46
Michael的纵使相逢应不识,0,0,0,30
【自媒体：娱乐>影视】高能文章写作指导,0,0,0,39
最有财,0,0,0,15577
看懂100部经典电影,0,0,0,47
安博的日常,0,0,0,47
1.99,15071336147713111302117847310982
自有寂静欢喜,0,0,0,36
食物的孤独,0,0,0,6044
乡味缭绕,0,0,0,169
最有财,0,0,0,15577
做一个充满诗意的母亲,0,0,0,72
社会工作学--通往平庸之路,0,0,0,22
毕业倒计时,0,0,0,68
随园零食单,0,0,0,112
沉闷的世界,0,0,0,22
心坎上的教育,0,0,0,76
食在云南,8.0,11,0,10833
八宝漫画理财,7.4,20,0,4087
一个人私奔,0,0,0,200
我在大学浪费时间,0,0,0,457
幸福的定义,0,0,0,249
我了解的女生,0,0,0,56
人生最美是何时？,0,0,0,14
从白天到黑夜,0,0,0,84
法国社会面面观,0,0,0,232
与寒假,0,0,0,16
撸猫记Ⅱ,0,0,0,68
生活的意趣,0,0,0,267
隔壁那桌人,0,0,0,33
挽回秘籍,0,0,0,359
《当代半独立女性的生活刺点—避免荒废》,0,0,0,187
迷茫也是忙,0,0,0,34
故园乡情,0,0,0,25
陌生人，与你见字如面,0,0,0,46
乌云先生是软肚子,0,0,0,95
盘玉笔记,0,0,0,413
从白天到黑夜,0,0,0,84
安义养育记,0,0,0,26
我了解的女生,0,0,0,56
故园乡情,0,0,0,25
与寒假,0,0,0,16
撸猫记Ⅱ,0,0,0,68
生活的意趣,0,0,0,267
隔壁那桌人,0,0,0,33
陌生人，与你见字如面,0,0,0,46
极简生活指南,0,0,0,53
我的未来都有你,0,0,0,29
在角落 记于枕边,0,0,0,35
猫说,0,0,0,13
今天我连诗都懒得写给你,0,0,0,66
我的小日子,0,0,0,31
我把你当朋友你却想和我谈恋爱,0,0,0,51
比宇宙更遥远,0,0,0,250
焦虑的姐姐,0,0,0,48
开始找工作但又对工作困惑的生活记录,0,0,0,2039
三十星霜去 留一片记忆,0,0,0,11973
当我们谈论孩子时我们在谈论什么,0,0,0,18
朋友圈人物小传,0,0,0,43
自有寂静欢喜,0,0,0,36
2594200716191583443238201162123169
做一个充满诗意的母亲,0,0,0,72
吕律：一个没有孩子的“孩子王”的前半生,0,0,0,24
沉闷的世界,0,0,0,22
社会工作学--通往平庸之路,0,0,0,22
小事其实并不小,0,0,0,1094
我把你当朋友你却想和我谈恋爱,0,0,0,51
随园零食单,0,0,0,112
心坎上的教育,0,0,0,76
毕业倒计时,0,0,0,68
花事,0,0,0,132
无为道，有为德,0,0,0,67
四分之一人生,0,0,0,75
饼妈手账 | 两个女儿的日常,0,0,0,98
古怪的身体，猎奇的造型，冒险的时尚,0,0,0,113
今夕,0,0,0,101
赛赛一毛赛,0,0,0,32
吃货昕语,0,0,0,322
如有雷同，纯属巧合,9.2,46,0,11324
人杰地灵的笔架山,0,0,0,8658
ONE OK LIFE,0,0,0,149
身体会说话,0,0,0,652
出逃记,0,0,0,36
我知道你会来,0,0,0,201
机械工程师的生活,0,0,0,253
家有宠物,0,0,0,77
相亲攻略,8.2,36,0,14559
东行散记,0,0,0,52
男人迟暮,0,0,0,18740
那些年的老物件,0,0,0,48
生命悠长，幸与为伴,0,0,0,350
成长卧谈会,0,0,0,16
Deer,0,0,0,116
古怪的身体，猎奇的造型，冒险的时尚,0,0,0,113
今夕,0,0,0,101
亍寒掠影,0,0,0,58
我真实的生活,0,0,0,198
龙门阵,0,0,0,106
雨声之后,0,0,0,35
ONE OK LIFE,0,0,0,149
身体会说话,0,0,0,652
三年养娃两年模拟——论科学养狗的重要性,0,0,0,2239
禅修作家的日常随笔,0,0,0,824
饼妈手账 | 两个女儿的日常,0,0,0,98
职场认知的必要性,0,0,0,132
肚子里有个小先生,0,0,0,959
家有宠物,0,0,0,77
青云跑团应有的态度,0,0,0,53
出逃记,0,0,0,36
那些年的老物件,0,0,0,48
花事,0,0,0,132
无为道，有为德,0,0,0,67
四分之一人生,0,0,0,75
一位小学老师的育儿日记（下）,0,0,0,791
古怪的身体，猎奇的造型，冒险的时尚,0,0,0,113
今夕,0,0,0,101
饼妈手账 | 两个女儿的日常,0,0,0,98
赛赛一毛赛,0,0,0,32
吃货昕语,0,0,0,322
如有雷同，纯属巧合,9.2,46,0,11324
人杰地灵的笔架山,0,0,0,8658
ONE OK LIFE,0,0,0,149
出逃记,0,0,0,36
我知道你会来,0,0,0,201
机械工程师的生活,0,0,0,253
家有宠物,0,0,0,77
相亲攻略,8.2,36,0,14559
东行散记,0,0,0,52
男人迟暮,0,0,0,18740
那些年的老物件,0,0,0,48
半娃半X的生活,0,0,0,7669
2594200716191583443238201162123169
食物与我,0,0,0,25
没说出的话,0,0,0,273
穷小埋の生活方式,0,0,0,1346
残爱,0,0,0,7
茶心生活,8.2,19,0,37672
12921259120212651077123641103636
健康就是最和气的生活,0,0,0,6811
点点星光,0,0,0,9
我读,0,0,0,22
整容室的故事,9.2,128,0,33307
堂堂的故事,0,0,0,891
食物与我,0,0,0,25
没说出的话,0,0,0,273
纽约客的罗曼史,0,0,0,9060
残爱,0,0,0,7
美食烘焙厨房的一抹暖黄,0,0,0,33244
点点星光,0,0,0,9
他乡遇故吃,0,0,0,1177
1.99,32717016315331252812339
我读,0,0,0,22
成长不烦恼-亲子间的“互动”,0,0,0,10992
废柴画记,0,0,0,133
厨诗,0,0,0,2330
产品经理的日常,0,0,0,83
生活本色,0,0,0,1124
职言不讳,0,0,0,137
我眼中的世界,0,0,0,324
家庭主妇日常杂记,0,0,0,111
无边之城,0,0,0,20
荒野拾遗,0,0,0,427
舒の札记,0,0,0,12
爱死这些小店,0,0,0,2724
见字如晤,0,0,0,95
和光同尘,0,0,0,42
小厨说,0,0,0,265
一个自由写作者的日记,0,0,0,404
和哥哥的日常,0,0,0,46
香气与艳情,8.2,15,0,117221
布衣蔬食忆清欢,0,0,0,2159
谁把他乡做故乡,0,0,0,122
毒汤,0,0,0,1690
痛也是一种快感,0,0,0,72
养性延命录,0,0,0,25
左岸女人的人间烟火,0,0,0,371
爬圈记,0,0,0,38
巴黎非浪漫史,0,0,0,44
人间值得,0,0,0,10
痛也是一种快感,0,0,0,72
养性延命录,0,0,0,25
巴黎非浪漫史,0,0,0,44
非真实事件,0,0,0,13
痛也是一种快感,0,0,0,72
非真实事件,0,0,0,13
你好，小确幸。,0,0,0,812
养性延命录,0,0,0,25
巴黎非浪漫史,0,0,0,44
心语宝蓓——静静的看你,0,0,0,35
像舞一样的妩,0,0,0,20249
将旧时光煎炒煮炸炖蒸烤,0,0,0,3060
戏说理财产品,0,0,0,7347
乙来乙往,0,0,0,2672
留美女神的独白,0,0,0,10
小小喵早产记,0,0,0,11669
明年又长一岁,0,0,0,16
慢食记,0,0,0,82861
8.00,995733626317310208306141285250
时光尽美满,0,0,0,827
灌木丛闲话,0,0,0,63
5.99,133112861227256274226221195175157
给娃起名是孜孜不倦的事儿,0,0,0,2857
在国外的外国人,0,0,0,18
吃人说梦，家山北望,7.8,16,0,17478
那一年，这十年,0,0,0,31
1.00,10438727637947578951312949808772
兰花草的装修小札,0,0,0,7283
去追，趁我还有梦,0,0,0,331
朝阳路快2故事,0,0,0,42
喜鹊、派派和雪川,0,0,0,13
浪子日记,0,0,0,118
无处安放的内心,0,0,0,416
松绑：抑郁的颜色,0,0,0,110
我们的猴面包树,0,0,0,38
静静的睡觉,0,0,0,6
也想走,0,0,0,11
三个单位,0,0,0,33
我昨天晚上做了个梦,0,0,0,53
心理与人文——一个人类的共同话题,0,0,0,28233
喜欢一个人，会卑微到尘埃里，然后开出花来,0,0,0,88
关于我,0,0,0,59
二不挂五的“半罐水”人生,0,0,0,7
奇葩的世界,0,0,0,6
录梦集,0,0,0,406
古风武林榜,0,0,0,131
城市观光客,0,0,0,20
我生命里的三十个女人,0,0,0,131
心情在生活中荡心琴，情感在思想里悟情性。,0,0,0,70
我所了解的女生,0,0,0,22
当我躺在河流的底部，我又想到了你,0,0,0,195
把我的生活分给你一半,0,0,0,129
爱，这个世界,0,0,0,204
傻子诗语,0,0,0,115
水仙,0,0,0,466
杂章,0,0,0,453
我在深圳路过的那些人,0,0,0,10
禅修作家的日常随笔(Part 2),0,0,0,206
菜叔的小生活,0,0,0,44
外语学习，也可以很快乐,0,0,0,356
驾驶所思,0,0,0,399
我的十年,0,0,0,17
布达佩斯生活日志,0,0,0,28
我们回家,0,0,0,69
让我教育教育你,0,0,0,9
感受,0,0,0,78
塔,0,0,0,17
自律,0,0,0,21
人生就是石头剪刀布,0,0,0,9
养猫记,0,0,0,21
有趣的灵魂，必然珍藏,0,0,0,67
你想见的光，我愿努力去完成,0,0,0,368
一个人，与一座北京城,0,0,0,242
人类自救指南,0,0,0,46
十八岁，成年世界里，我在干什么。,0,0,0,11
家常味道,0,0,0,9
耵聍录：新世纪音乐笔记,0,0,0,1237
微醺小记，wine and life,0,0,0,13
到底什么是理想的生活,0,0,0,1287
一个叫文青的女人决定当妈,0,0,0,13
胡言乱语切莫较真,0,0,0,8
英国留学日记：从威尔士到伦敦,0,0,0,48
站在屋顶的孩子,0,0,0,16676
一个普通人的日常,0,0,0,45
8.0,12,1.99,1261982932244200187184190184185
8.0,35,10894803581531342858922708664665545
美好生活方法论,0,0,0,3587
皮莎们的秘密世界,0,0,0,18569
味蕾潮汕,7.4,13,0,38299
9.99,501410444109859450383142
从相遇那天起,0,0,0,561
我的香港岁月,0,0,0,74
用心食饭,8.0,11,0,5581
我哥们的弟弟叫陆天,0,0,0,165
我的高三,0,0,0,38
当我抑郁时，我在想什么,0,0,0,334
8.0,36,1.99,3007256325112356683230351923075032285
杂记,0,0,0,25
吃吃笑,0,0,0,3813
晕菜自救手册,0,0,0,2533
职场江湖,0,0,0,33
小豆汁儿 慢慢长,0,0,0,256
都市生活随笔,0,0,0,16
亲情，带辣味的反思,0,0,0,861
看看那个角落，可能爱就藏在那里,0,0,0,22
好吗？,0,0,0,102
snow，sorrow,0,0,0,11
沧海一粟,0,0,0,8
未来已来，我们是否都做好了准备？,0,0,0,151
乡邻琐记,0,0,0,22
清单理财法,0,0,0,50
那个开书店的念想,0,0,0,34
心本,0,0,0,922
学海无涯,0,0,0,974
心本,0,0,0,922
薰衣如昙荏苒兮,0,0,0,119
那个开书店的念想,0,0,0,34
单行线——逆行,0,0,0,105
留德华的青春纪实,0,0,0,62
改变孩子先改变父母,0,0,0,43
亲爱的一家,0,0,0,22
亲爱的大学——十二封信,0,0,0,22
陈三两的故事集,0,0,0,35
学海无涯,0,0,0,974
银杏叶与辣椒花,0,0,0,33
当我抑郁时，我在想什么,0,0,0,334
徐勾的那些事情,0,0,0,20
你好 米二,0,0,0,46
随手小记,0,0,0,23
杂记,0,0,0,25
职场江湖,0,0,0,33
我的香港岁月,0,0,0,74
22岁止,0,0,0,197
一个普通人的日常,0,0,0,45
破译生活的密码,0,0,0,83
小店,0,0,0,117
文章转《你坐车从西向东 我走路由南到北》,0,0,0,63
子非鱼，你非我,0,0,0,327
王晓杰美文世界,0,0,0,133
往事爬上来,0,0,0,3155
阿克大人杂俎,0,0,0,484
独自等待,0,0,0,27
迟到的间隔年,0,0,0,406
美国游记,0,0,0,148
冀城往事,0,0,0,427
地铁里的百态人生,0,0,0,698
美丽吃长沙,0,0,0,4221
努力的舌头,0,0,0,1712
我在外资银行学理财,7.2,223,1.99,23853
一切都会过去的,0,0,0,763
边角料故事,0,0,0,3562
who am i,0,0,0,12
嗜独情深：30岁后，先独居它个3年,0,0,0,1545
吃到胃里才是爱,0,0,0,441
P2P理财没你想的那么坏,0,0,0,4531
知识分子的尊严,0,0,0,25
三二理财笔记,0,0,0,4751
我的花艺笔记,0,0,0,86
溏心儿,7.8,12,0,20835
留学之鹿的留学路,0,0,0,79
藏地路上：穿越藏地生死线寻秘香巴拉,0,0,0,88
《海龟交易法则》读书会,6.6,11,0,3284
玩物尚志,0,0,0,68
失落指南,0,0,0,722
我的昨天、今天、明天（原创）,0,0,0,6
边角料故事,0,0,0,3562
7.2,11,8923717472156147638956745593731649733
失落指南,0,0,0,722
努力的舌头,0,0,0,1712
我在外资银行学理财,7.2,223,1.99,23853
如何圆润又不失情趣地生活,0,0,0,25
溏心儿,7.8,12,0,20835
美丽吃长沙,0,0,0,4221
玩物尚志,0,0,0,68
P2P理财没你想的那么坏,0,0,0,4531
《海龟交易法则》读书会,6.6,11,0,3284
吃到胃里才是爱,0,0,0,441
2018年世界杯随感,0,0,0,325
当食物拥有记忆,8.0,14,0,12303
我的存在,0,0,0,9
印心记忆,0,0,0,77
细雨集,0,0,0,16
围炉夜话,0,0,0,286
印心记忆,0,0,0,77
围炉夜话,0,0,0,286
细雨集,0,0,0,16
我不喜欢军恋，可我喜欢你,0,0,0,32
我和柑的二三事,0,0,0,807
我的昨天、今天、明天（原创）,0,0,0,6
全职妈咪第三年,0,0,0,2308
2.99,64155860112284799698
2018年世界杯随感,0,0,0,325
这个时代，我们的心应该如何安放,0,0,0,3150
乌乡老手艺,0,0,0,2622
掠己之：美,0,0,0,826
厨房故事,8.8,34,0,41562
遇见更美的你,0,0,0,6561
揭开P2C互联网理财的内幕,7.4,29,0,50845
80后新妈妈幸福手帐,7.2,12,0,22209
53633528928482423723199
如何圆润又不失情趣地生活,0,0,0,25
1066882968107496146462858
用吃看世界,7.2,30,0,59509
我的存在,0,0,0,9
随心小记,0,0,0,13
破障记,7.6,12,0,2854
电影来敲门,0,0,0,149
极简主义生活,0,0,0,813
治愈拖延症,0,0,0,83
时尚评论,0,0,0,62
看不见的西藏,0,0,0,83
智商140,0,0,0,60
娱记很忙,0,0,0,148
时尚是一个很哲学的东西,0,0,0,183
谈恋爱这事儿,0,0,0,81
法律学习历程,0,0,0,364
切歌继续向前走,0,0,0,7
女子恋爱图鉴,0,0,0,2309
一不小心在洛杉矶生个娃,0,0,0,1835
那座小城,0,0,0,43
念想偶得,0,0,0,63
别郁闷，你那有那么多观众,0,0,0,310
城市公园（植物园）微旅行（上海）,0,0,0,48
木星栖息日记,0,0,0,255
我是正经的秘籍,0,0,0,58
村庄最后的两个季节,0,0,0,131
我是如何挂了4科的,0,0,0,52
学车记,0,0,0,1239
消愁,0,0,0,109
逗比在校园,0,0,0,308
今年有十九,0,0,0,125
曦莹的草稿簿,0,0,0,76
爱情的模样,0,0,0,123
追忆故园,0,0,0,124
念念不忘,0,0,0,191
北京生活日志,0,0,0,3
总有一些时光镌刻进生命里,0,0,0,341
写给自己的歌,0,0,0,68
漫谈文艺,0,0,0,218
与不爱者言爱,0,0,0,207
当代画家欣赏,0,0,0,28
傲慢与偏见,0,0,0,313
地铁行思录,0,0,0,53
我和生活这个骗子的战争,0,0,0,328
癫者有情,0,0,0,30
一个故事,0,0,0,2
你无聊的让我不想崩溃,0,0,0,19
《小P理财》专刊02期：玩转信用卡,0,0,0,328
夏小糖的心理驿站,0,0,0,28
加拿大的面子和里子,0,0,0,140
我想好好爱你,0,0,0,8
自己走过的路,0,0,0,174
Ella Baby Book,0,0,0,8
与我相遇的100种灵魂｜人物专访图鉴,0,0,0,122
春风十里终归浙里,0,0,0,293
悠远的大河 悠远的大山,0,0,0,27
望见平凡,0,0,0,259
重庆没有森林,0,0,0,46
两个小孩,0,0,0,824
美丽书房,7.6,14,0,14443
米兰花曼曼开,0,0,0,11774
我从山野走来,8.2,20,0,295474
有趣的人,0,0,0,21
证据主义投资哲学,0,0,0,11488
大食记,7.8,11,0,11782
朱古力时间,0,0,0,13
计划一场留学,0,0,0,670
北漂生存指北,0,0,0,8
梦,0,0,0,18
温州怎么了,0,0,0,1227
图的就是个乐儿,0,0,0,8009
最好的时光在午后,0,0,0,2932
城市故事,0,0,0,50
326268276152399383781699
2.99,197418281764480364
今天星期二,0,0,0,51
塞墨斯公主的地球生活,0,0,0,66
杂食杂事,0,0,0,415
抗癌这条路,0,0,0,97
我的吐槽,0,0,0,9
简单的健康,0,0,0,1924
七个星期克服作文难关——对比作文训练法,0,0,0,273
生活随笔,0,0,0,1120
家有乖乖虎,0,0,0,2752
成长这件大事,0,0,0,1933
神奇典当铺,0,0,0,1626
成长，请带上这封信,0,0,0,849
你到底有多幸运,0,0,0,22
传播学很生活,0,0,0,76
谁在低吟浅唱，让我无限感伤,7.4,14,0,236
左手拿刀，右手拿叉，把生活慢慢享用,0,0,0,137
生活手作铺·把日子过成诗,0,0,0,64
妈妈去世前的那三年,0,0,0,255
断档日记,0,0,0,83
你我他的二三事,0,0,0,55
入睡时间3600s,0,0,0,13
美丽书房,7.6,14,0,14443
杂食杂事,0,0,0,415
你到底有多幸运,0,0,0,22
我从山野走来,8.2,20,0,295474
温州怎么了,0,0,0,1227
七个星期克服作文难关——对比作文训练法,0,0,0,273
2.99,197418281764480364
大食记,7.8,11,0,11782
成长这件大事,0,0,0,1933
计划一场留学,0,0,0,670
神奇典当铺,0,0,0,1626
成长，请带上这封信,0,0,0,849
传播学很生活,0,0,0,76
简单的健康,0,0,0,1924
最好的时光在午后,0,0,0,2932
米兰花曼曼开,0,0,0,11774
证据主义投资哲学,0,0,0,11488
断档日记,0,0,0,83
你我他的二三事,0,0,0,55
两个小孩,0,0,0,824
深秋寒冬,0,0,0,127
写给她的情书,0,0,0,17
新牛时·琐事集,0,0,0,9
我的这一生,0,0,0,22
我用多少来爱,0,0,0,5
我的全部努力，不过完成了普通生活,0,0,0,181
春天在哪里,0,0,0,135
从头来过,0,0,0,173
清华姐姐教你读大学,0,0,0,24
434女生宿舍扎心日常,0,0,0,21
慢炖,0,0,0,205
做一个努力的妈妈老师,0,0,0,540
碗里的流金岁月,8.8,29,0,4213
人间烟火,0,0,0,2323
20.00,3451323830783057303131423030297730573030
我想让世界在你身后,0,0,0,3820
写给二宝的18岁,0,0,0,131
那些汕头人心目中的地道美食,0,0,0,1119
子夜迷食,7.4,20,0,7499
最神秘：您不可不知的商朝,0,0,0,417
9.99,38529429528437413576
924767748734845958402756
陪你看世界,0,0,0,301
风花雪月聊健康,0,0,0,243
不向生活低头，那就碰破头的流浪记,0,0,0,2
爱在沧桑人世间流淌,0,0,0,3
温哥华沙拉,0,0,0,15
get剧中衣and品,0,0,0,2622
也是虎妈，也是猫妈,7.4,16,0,14085
静安煮茶,0,0,0,33
失眠随笔,0,0,0,925
门里的梦境,0,0,0,13
过节的时候你在吃什么？,0,0,0,122
Twenty Somthing,0,0,0,189
空想家的一百天,0,0,0,114
不向这个世界妥协,7.4,18,0,3351
岁月如吃,0,0,0,5054
自由照耀万物 也应照耀我们,0,0,0,1207
列车,0,0,0,147
岁寒不知年,0,0,0,79
失眠的诗,0,0,0,203
让放养的诗飞会儿,0,0,0,64
我的眼中有星辰,0,0,0,12685
欧美电影推荐,0,0,0,27
愿世界待你如初,0,0,0,97
诡杂集,0,0,0,62
尽整没用的,0,0,0,18
吾稿,0,0,0,19
爱的信札,0,0,0,430
失望的季节,0,0,0,193
懒人笔记,0,0,0,61
大学生究竟应该如何择“业”,0,0,0,4663
二十四食歌,0,0,0,11
地中海之光,0,0,0,28
我的青春，我的老九门,0,0,0,37
教育是怎样炼成的——颠覆你对教育的认知！,0,0,0,17311
失望的季节,0,0,0,193
我的青春，我的老九门,0,0,0,37
教育是怎样炼成的——颠覆你对教育的认知！,0,0,0,17311
二十四食歌,0,0,0,11
大学生究竟应该如何择“业”,0,0,0,4663
小雨夜话,0,0,0,40
懒人笔记,0,0,0,61
理财进行时 | 我的小白理财学习笔记,0,0,0,193
地中海之光,0,0,0,28
给我一点点,0,0,0,77
白日梦李斯特,0,0,0,14
高山的寓言故事,0,0,0,23
踏遍青山人未老,0,0,0,6
30岁，一切刚刚开始,0,0,0,289
短期北漂人物图鉴,0,0,0,71
傻白甜进化论,7.2,19,0,1386
理财，从改变自己开始,7.2,15,0,3873
余生独行,0,0,0,5283
臆想症人的旅行,0,0,0,3504
爱不是拼命挤胸，爱是胸口写勇,0,0,0,1163
妈妈，我可以安心地依附你吗？,0,0,0,2766
旧时光的摩登录,0,0,0,1532
边吃边减不是梦,0,0,0,33326
光影小观,0,0,0,11
绘本启示录,0,0,0,1613
深夜发吃，谈五味七情,7.4,17,0,34491
废柴的我的无聊的日子,0,0,0,19
那些看过的书和影，终将成为生活的养料,0,0,0,45
只有一款适合你,9.0,57,0,18832
为了忘却的记念,0,0,0,25
我害怕减肥的自己,8.4,124,0,67476
南半球的天空,0,0,0,316
小城食记,0,0,0,15
人生需要有一次愉快的澡堂回忆,0,0,0,12
臆想症人的旅行,0,0,0,3504
小但确定的那些事,0,0,0,12
爸爸远去84天后,0,0,0,34
烂斧头,0,0,0,34
孤鸟,0,0,0,96
只有一款适合你,9.0,57,0,18832
爱抗议的小鸟,0,0,0,43
老牛头日记,0,0,0,9
生活随笔,0,0,0,196
行走的植物们,0,0,0,21
转型业务之路--除了痛还是痛,0,0,0,22
Psyber X.,0,0,0,6
成长曲,0,0,0,39
无话可说,0,0,0,42
十五年,0,0,0,121
小思的心灵故事,0,0,0,35
与你相似的十几岁,0,0,0,19
边走边唱,0,0,0,296
我想你拥抱我，亲吻我，离开我,0,0,0,831
陌生的姑娘 我爱你,0,0,0,60
都市主妇的烦恼,0,0,0,149
走猫步的甜妞一,0,0,0,19
日心纪 2018（一）,0,0,0,44
心情在生活中荡心琴，情感在思想里悟情性。,0,0,0,31
每周5分钟，教你跳出职场小白区,0,0,0,193
村儿里过年日记,0,0,0,38
生命之旅,0,0,0,1236
搭讪300个陌生人去散步,0,0,0,38
内在探索与觉醒,0,0,0,22
戊戌杂记,0,0,0,42
《小P理财》专刊01期：攒钱妙计,0,0,0,334
梅子肉桂,0,0,0,32
琐碎,0,0,0,72
小城食记,0,0,0,15
烂斧头,0,0,0,34
我和你和Ta,0,0,0,34
老牛头日记,0,0,0,9
每月一个21天主题挑战,0,0,0,41
孤鸟,0,0,0,96
我的大学生活,0,0,0,87
从学生到职场，需要知道什么？,0,0,0,259
食光,0,0,0,9613
人生需要有一次愉快的澡堂回忆,0,0,0,12
奶爸是怎么练成的,0,0,0,4875
小但确定的那些事,0,0,0,12
觅食记,7.4,21,0,21288
爸爸远去84天后,0,0,0,34
犄角旮旯寻美食,0,0,0,5346
小兔子乖乖,7.8,13,0,5599
食色爱也,0,0,0,1442
佩弦饕餮,0,0,0,4594
苗爸亲子阅读,0,0,0,32979
然后呢，就开始跑吧,8.2,55,0,19122
风物志,7.8,17,0,10181
只被美好的事物所包围,8.8,58,0,98429
重回60‘s,0,0,0,243
辣妈养成记,0,0,0,1407
爱抗议的小鸟,0,0,0,43
小主驾到，鸡飞狗跳,0,0,0,5436
往,0,0,0,2487
生活有理,0,0,0,37
卓越海底捞：离一流有多远,0,0,0,2484
生逢谭家,0,0,0,2216
菁宝是这样长大滴,0,0,0,50
闲话：沉渣淘淘,0,0,0,28
抑郁女青年的备忘录,0,0,0,119
粉白黑米棕,0,0,0,128
身体观察日记,0,0,0,12
lucy的日记,0,0,0,12
片语记,0,0,0,26
歌曲创作谈,0,0,0,44
今天看什么书？,0,0,0,32
乐活+极简：一份生活建议,0,0,0,1911
巨蟹少年岛屿日志,0,0,0,698
喜欢是乍见之欢，而爱是久处不厌。,0,0,0,390
白板,0,0,0,6
分享简单的穴位按摩推拿，治疗常见的小毛病,0,0,0,323
旅南路,0,0,0,60
走出思想的地畔,0,0,0,7
我的教育培训创业历程,0,0,0,152
生活有理,0,0,0,37
囚鸟之撸猫记,0,0,0,234
卓越海底捞：离一流有多远,0,0,0,2484
生逢谭家,0,0,0,2216
秋天吃了夏天,0,0,0,161
巨蟹少年岛屿日志,0,0,0,698
保研党的晚饭讨论,0,0,0,80
抑郁女青年的备忘录,0,0,0,119
身体观察日记,0,0,0,12
片语记,0,0,0,26
歌曲创作谈,0,0,0,44
lucy的日记,0,0,0,12
分享简单的穴位按摩推拿，治疗常见的小毛病,0,0,0,323
我，就现在,0,0,0,7
我在酒店当前台,0,0,0,40
那似花非花的岁月,0,0,0,116
你走了那么久，一定很累吧,0,0,0,107
职场上，懂得这些技巧，升职加薪并不难,0,0,0,99
风居住过的街道,0,0,0,12
《一本奇书》,0,0,0,2181
漫步时光,0,0,0,22
生而为人，我很抱歉,0,0,0,35
总部那些事,0,0,0,95
《揭露大牛：其实他们都很“丧”》,0,0,0,57
生活是迷魂阵，我不想做迷失的人,0,0,0,52
一名抑郁症患者的碎语,0,0,0,15
徘徊于网络边缘,0,0,0,1
文子酱麻麻的絮絮叨叨,0,0,0,7
当人生走向而立,0,0,0,20
空谷：这里没有答案,0,0,0,45
内观：发现真实的自己,0,0,0,57
写给爸爸妈妈，假装你们还活着,0,0,0,109
一个傻白但不甜的日常~,0,0,0,191
爱猜猜猜,0,0,0,6
一个男生的自白,0,0,0,30
梦知道答案,0,0,0,41
寻光集,0,0,0,16
一只居的日常想法,0,0,0,34
梦中帆,0,0,0,15
深圳的夏天,0,0,0,66
407314317308341213431
零食博物馆,7.4,21,0,19053
斯诺克江湖,0,0,0,5376
呓语,0,0,0,115
向歌的黄昏日记,0,0,0,31
绑架者,0,0,0,1116
林下之风的韩剧手册之2018秋冬篇,0,0,0,500
听泉,0,0,0,176
都市女人故事,0,0,0,8
黑墨,0,0,0,7
乡村拾遗,0,0,0,14
致五年后的自己,0,0,0,49
海南味道,0,0,0,70
我曾在这片土地站立,0,0,0,42
心理故事,0,0,0,26
请给电脑连接打字机,0,0,0,98
微尘,0,0,0,27
旁观与参与,0,0,0,50
学海无涯,0,0,0,42
人生啊不过是生活工作，工作生活。,0,0,0,21
Museum and the City,0,0,0,41
一个人开始的跑步,0,0,0,196
2018 矛盾重重,0,0,0,46
一些小破事儿,0,0,0,271
温暖的晚安故事,0,0,0,332
云淡风轻,0,0,0,23
一个傻白但不甜的日常~,0,0,0,191
爱猜猜猜,0,0,0,6
一个男生的自白,0,0,0,30
梦知道答案,0,0,0,41
寻光集,0,0,0,16
一只居的日常想法,0,0,0,34
梦中帆,0,0,0,15
深圳的夏天,0,0,0,66
407314317308341213431
零食博物馆,7.4,21,0,19053
斯诺克江湖,0,0,0,5376
呓语,0,0,0,115
向歌的黄昏日记,0,0,0,31
绑架者,0,0,0,1116
林下之风的韩剧手册之2018秋冬篇,0,0,0,500
听泉,0,0,0,176
一个傻白但不甜的日常~,0,0,0,191
爱猜猜猜,0,0,0,6
一个男生的自白,0,0,0,30
梦知道答案,0,0,0,41
寻光集,0,0,0,16
一只居的日常想法,0,0,0,34
梦中帆,0,0,0,15
深圳的夏天,0,0,0,66
1.99,9126867022391358381788665
向歌的黄昏日记,0,0,0,31
呓语,0,0,0,115
绑架者,0,0,0,1116
林下之风的韩剧手册之2018秋冬篇,0,0,0,500
听泉,0,0,0,176
心情笔记,0,0,0,12
鲈鱼尺素,0,0,0,507
学生在上，米奇琳老师向右走。,0,0,0,17
我的精神世界,0,0,0,74
海湾慢游记,0,0,0,541
小龙老师和她的小天使,0,0,0,2488
努力地成为自己想要成为的样子,0,0,0,127
诡诞,0,0,0,207
书影/旅行/在路上！,0,0,0,66
留英之记,0,0,0,18
杭州城事,0,0,0,13
那些鲜活的小人儿啊,0,0,0,73
当我们讨论性别平等，我们在讨论什么？,0,0,0,17
蹒跚记,0,0,0,476
遇见即缘分,0,0,0,316
慕慕眼中的世界,0,0,0,21
死生契阔 与子成说,0,0,0,135
我的世界有你,0,0,0,36
我的30岁,0,0,0,131
小下的伦敦狂想,0,0,0,44
气味,0,0,0,26
产假,0,0,0,68
面对面我和你讲,0,0,0,3
我的自传,0,0,0,224
《生活俗语》,0,0,0,8
大神之路,0,0,0,23
日记诗歌,0,0,0,208
不正经自传,0,0,0,128
猫砂,0,0,0,51
梦里梦外,0,0,0,167
我是普通人,0,0,0,25
Carl卡尔| 原创 爱之都的故事 我未来的情人,0,0,0,10
心情笔记,0,0,0,12
鲈鱼尺素,0,0,0,507
学生在上，米奇琳老师向右走。,0,0,0,17
海湾慢游记,0,0,0,541
萨满的故事会,0,0,0,387
努力地成为自己想要成为的样子,0,0,0,127
诡诞,0,0,0,207
书影/旅行/在路上！,0,0,0,66
留英之记,0,0,0,18
杭州城事,0,0,0,13
那些鲜活的小人儿啊,0,0,0,73
当我们讨论性别平等，我们在讨论什么？,0,0,0,17
蹒跚记,0,0,0,476
小下的伦敦狂想,0,0,0,44
把日子过成雷同,0,0,0,286
遇见即缘分,0,0,0,316
慕慕眼中的世界,0,0,0,21
探索,0,0,0,41
清溪路西,0,0,0,236
死生契阔 与子成说,0,0,0,135
