走向大海,0,0,0.00,536
不速之客,9.0,440,2.99,59863
阳光洒肩头,9.6,207,0.00,40802
江湖探案系列之：金狮镖局案,8.6,28,0.00,3071
古董珍珑劫,9.4,42,0,78540
罪恶的枷锁 Ⅲ,9.4,271,0.00,47003
匿影者,8.8,35,0.00,10237
无妄之灾,9.0,509,3.99,136230
盲村,9.2,390,3.99,55788
儒隐 之 敦煌密码,9.0,49,0,23242
飞蛾之刃,9.0,1198,0.00,231168
罗宋探案：僵尸,8.8,319,0.00,35989
再见恩格斯,9.2,369,1.99,21982
杀人连环计：一场惊世骇俗的谋杀,9.2,602,0,1594204
第十三天（上）,9.2,4083,0,340214
关东志怪,8.6,378,0.99,0.99,193493
谜踪记,8.0,90,0.98,0.98,6524
罪恶的枷锁 Ⅰ,8.8,318,2.99,57428
雾云山杀人事件,7.4,24,0.00,4327
麦克白效应（修订版）,8.8,45,0.00,26019
夜色无边,7.8,193,0.00,8309
鲤鱼与壁虎,8.6,175,3.99,34042
双水村往事,0,0,0.00,415
废城：蜂击,0,0,0.00,436
心意相通,8.8,224,3.99,68545
血鸟谜案,7.6,19,0,5122
神秘岭（完整版）,9.2,792,4.99,4.99,340090
罗宋探案：白月光,8.8,459,1.99,102952
禁酒令,7.8,17,0,10898
末路狂花,8.6,615,3.99,175361
罗宋探案：疯猫,9.0,416,1.99,41642
暖气,8.2,1543,4.99,506646
白色玉兰花,9.0,419,0.00,122127
春树秋霜,9.2,54,3.99,11293
被偷走的人生,9.0,118,4.99,37633
罪恶的枷锁 Ⅱ,9.0,276,0.00,30820
窥,8.2,222,1.99,33943
慈恩寺谜案,8.0,16,0.00,1945
离奇的失踪,8.2,17,0.00,1854
我脑海中的她,0,0,0.00,649
博尔赫斯探案Ⅲ：丹麦王子之谜,7.4,21,0.00,2106
流萤·卜问,9.2,166,1.99,1.99,25282
蛾变,8.6,130,0.00,33202
我因羞怯而杀人,8.6,481,1.99,87739
校园枪击案策划指南,8.8,3100,1.99,176010
梁家兴教授探案集,9.2,385,0,1130372
第十三天（下）,9.2,2516,2.99,102287
楼上的声音,8.4,1080,1.99,93316
蓝带儿,8.6,22,1.99,1561
一窟鬼,8.8,802,1.99,105169
雪人幻想,9.0,227,2.99,30459
黑暗的平方,8.6,329,2.99,54307
罗宋探案：谜尸（修订版）,8.6,540,1.99,87685
镜子,8.8,25,3.99,4963
黑暗的n次方,8.6,283,2.99,62640
婊儿子,10.0,38,0,178757
古籍残案之我是文物修复师（完整版）,0,0,0.00,5846
锡箔纸（上）,8.4,45,0.99,0.99,11146
黑河杀手,8.2,493,1.99,53894
107国道连环杀手,9.2,252,1.99,32856
我，嫌疑犯,8.4,670,0.00,115170
刺杀警察局长,7.2,44,0.00,2020
南疆异闻录,0,0,0,1950
没有虫子的房间,9.0,96,1.99,7699
南天门外没神仙,6.8,12,1.99,1631
恶魔之窖,8.4,307,1.99,22605
锡箔纸（中）,0,0,0.99,0.99,1864
八生门,6.2,29,2.99,2250
无限恐怖,7.4,87,0,126422
暴风雪夜的独行者,8.0,76,0.00,17455
黑暗的立方,8.8,256,2.99,54808
锦衣卫传奇,8.2,100,0,30125
被迫回忆,8.2,62,0.00,11055
孤岛模式,7.6,36,0.00,2834
第十三天（中）,9.0,1976,2.99,139315
至少还有你,9.4,198,0,1554659
古镇笔记,7.2,23,1.99,2783
遗产,9.0,314,7.99,60184
情热,9.0,111,2.99,23488
鲁迅遗嘱,8.6,198,4.99,98618
神秘岭（一）,9.2,150,2.99,25485
荒野时间和其他故事,8.6,50,1.99,4717
杀人犬（特别修订版）,8.6,71,3.99,14946
骗子,8.2,364,1.99,52264
无限恐怖（二）,8.8,44,0,71421
沼中之鱼,9.2,72,1.99,11224
周公馆疑案,7.8,18,0.00,7154
乞丐和妓女,8.6,673,1.99,90118
写作课,7.6,249,1.99,24966
寂静的冬日,7.6,189,1.99,10571
失落的兰若寺,5.0,25,1.99,3502
无尽使命,8.6,18,1.99,2363
9号侦查馆,8.0,22,4.99,12053
沧浪,8.8,36,0.00,5237
不可能的正义,7.6,557,1.99,50592
神秘岭（三）,9.4,141,2.99,12405
过垂虹,0,0,1.99,1074
无妆,7.4,31,0.00,5077
无限恐怖,7.4,95,2.99,2.99,27340
斧头男,8.6,26,3.99,5750
奉天范城隍,0,0,0,7739
圆圈（中英双语）,7.8,348,0,26884
齐谐今语,9.8,91,0,1060979
无限恐怖（二）,7.2,19,2.99,2.99,1505
神秘岭（二）,9.4,119,2.99,14645
鬼海灵船,8.0,1101,1.99,65354
真实游戏,6.4,232,1.99,5052
想做宠物的女人,7.0,32,0.00,2937
上钩,8.0,277,1.99,15529
陆离神秘事件簿,6.2,63,3.99,3825
自杀俱乐部,8.0,46,1.99,9188
镇痛记,7.6,504,1.99,87770
麦克白效应,8.6,420,5.99,210715
杀戮游戏 / 开往地狱的天堂号,9.0,40,0,193163
心之刑,7.6,39,1.99,8074
虚空之犬,8.4,36,1.99,5720
马戏团命案,0,0,0.00,1101
RemembeR,7.8,33,0.00,8389
龙楼镇,8.0,48,5.99,8799
博尔赫斯探案Ⅱ：伦敦幽灵之谜,8.0,55,1.99,4776
悬赏,0,0,0.10,0.10,439
失眠者,9.2,134,0,263112
叫魂,7.6,29,2.99,6173
模仿大师,7.2,23,1.99,2885
锡箔纸（连载）,9.6,27,0,125779
七个奇案,7.6,24,3.99,9796
你的所有秘密我都知道,8.4,355,1.99,42420
其实没有路,8.2,261,1.99,14571
山海手札,8.8,18,4.99,8287
宇宙狗,9.0,39,2.99,7055
噪音,7.2,211,0.00,7725
桐花落尽,0,0,0,164
次元骑士,0,0,0.00,738
火星移民购票指南,6.4,1009,1.99,59826
最后一击,9.0,41,2.99,3196
九道口,7.4,88,1.99,12250
迷城七凶,7.6,138,3.99,11648
边村,8.6,63,1.99,4354
独木成林,7.8,414,1.99,23929
暗房,7.8,182,0,9227
日记：我杀死的那个男青年是谁？,0,0,1.99,634
灰渡,7.8,224,1.99,32549
悬疑杂响,0,0,0.99,410
摩托车追杀记,0,0,2.99,642
青衣,6.8,162,0,6287
506号房,9.0,240,4.99,70462
非花旧闻,9.4,113,0,37044
叶之花,7.8,192,1.99,59930
深夜电台——一些悬疑惊悚灵异的小故事,7.0,15,0,8349
附近的人,8.0,187,1.99,6055
阿霞,7.8,66,4.99,26977
黑鸟,8.2,96,1.99,12209
梦境密码,8.2,60,1.99,3026
一百种死法,8.8,44,2.99,13962
长老,8.0,24,3.99,7668
蔑法者,7.0,23,1.99,3041
重返金瓶梅乐园,7.8,151,2.99,64041
疯狂的假钞,7.8,43,1.98,1.98,3247
捞尸,8.0,11,0,17782
绞刑架,7.4,33,2.99,2771
雷打雪,7.0,17,2.99,3057
《国家之子》：基石协议,8.2,14,0,2944
我该如何爱你,7.2,13,0.99,2348
无边的黑雾（上）,8.2,12,4.99,1771
地下铁与局外人,8.6,136,1.99,14017
出狱,5.8,41,1.99,957
去年夏天和你在一起的女孩是谁,8.0,21,1.99,2588
西斯空计划,7.6,88,1.99,6648
蛇踪谜案,7.4,21,1.99,3089
艳遇迷踪,6.4,62,1.00,1.00,1133
费可的晚宴,9.0,180,1.99,22446
禁酒令,7.2,31,1.99,3858
刺秦,7.4,38,1.99,3997
不焚,0,0,1.99,1229
龙之国,7.4,14,0.99,1302
遗忘,9.0,34,9.99,17150
野牛比尔,6.4,54,1.99,1011
夏日审判,7.4,28,1.99,945
自白,7.2,124,0.00,3375
空皮囊,9.4,44,0,49159
甘露,8.0,175,3.99,64632
第六夜,4.8,29,0,1407
连环套,7.4,131,1.99,4531
消失的女孩,7.8,25,0.99,1666
秋祭,6.4,176,1.99,3889
灌木走廊,7.8,212,2.99,32089
死局,0,0,1.99,138
特别调查员,7.6,13,1.99,1232
为之何迟,8.0,16,1.99,486
采诗官左雀传·幻戏奇案,0,0,0,4419
因为下雪的关系,0,0,3.99,4978
刑警双枪,0,0,0,48553
唤醒,8.0,127,3.99,50921
江湖四公子之神剑妖刀,9.4,36,3.99,23434
千岛谋杀,8.8,45,0,57689
云溪庄园,7.0,163,1.99,5445
我就是药神,8.2,20,1.99,1367
古籍残案之我是文物修复师,7.6,50,0,208166
谁是安德烈,7.4,11,1.99,1288
重人之神秘村落,0,0,3.99,3054
吉木乃投河之谜,0,0,0.00,776
第一桶金,0,0,1.99,317
谁杀了那个老混蛋,7.8,87,0,18885
傻子杀人事件,0,0,1.99,353
鼠人,0,0,0,1289
她为什么不会说话,8.0,17,4.99,8841
真探,7.4,29,3.99,6220
寻凶,8.4,16,1.99,2745
成年死亡,7.2,11,0.99,1675
卡西莫多的眼泪,7.0,12,1.99,1593
撕裂,8.0,224,0,17811
消失的妻子,7.4,23,0.99,868
怀柔印象咖啡馆,7.0,52,0.99,3707
巴别塔之祸,7.2,12,1.99,1022
我在美国经历的恐怖故事,6.6,61,2.99,8882
少年杀,7.8,70,1.99,2610
四季,8.0,279,0,35400
虚构的真实,8.4,79,1.99,5620
302号房间,0,0,0.99,0.99,269
AUV440,8.2,165,0,8417
女孩们在那年夏天干了什么,7.2,412,1.99,57424
橘子情人,6.2,49,1.99,866
杀人狂的故事,8.0,77,2.99,4871
上海敌人,8.8,61,2.99,9421
洪水,0,0,1.99,734
守卫晨光,0,0,1.99,81
让我靠近你,7.6,58,1.99,1596
橘和枳,8.4,51,1.99,1843
拯救心肝胃肺肾,8.4,28,0.99,1586
亡命之徒,7.8,113,1.99,2973
巨婴图,8.8,36,1.99,4310
战尸鬼,7.8,95,1.99,12904
MOTHER,0,0,1.99,747
爱情契约,7.4,95,1.99,3721
爱恨是可以接力的活计,7.2,151,0,3882
天鹅湖,8.2,17,0,56103
幻觉之山,7.2,11,0.99,420
大众浴室,8.4,23,2.99,4380
网球集训杀人事件,7.0,19,1.99,2646
出云之月,7.4,52,1.99,1214
暗雨,0,0,1.99,1291
以飘之名,0,0,0.00,1993
仇敌,0,0,2.99,857
天谴的谋杀,7.0,45,0.00,2970
林川悬疑档案之猫冢,0,0,0,333
花灯祭,6.6,33,1.99,1813
第三极,8.8,17,1.99,4803
猥亵,6.6,407,1.99,26247
被囚禁的人,0,0,1.99,224
明星范可芸的病理学报告,7.6,99,0,6275
别无选择,7.4,67,1.99,1588
黑暗中的时间指针,0,0,2.99,1526
龙尾镇,6.2,89,1.99,2195
死亡摄影师,0,0,1.99,282
慈母山教堂,0,0,4.99,323
昨夜星辰,7.2,158,1.99,9446
活见鬼,9.2,69,6.99,29379
审判者,7.8,13,1.99,756
海城绑架案,5.8,54,1.99,995
猫婴杀人事件,0,0,3.99,563
一个十八线小明星死后,7.8,36,1.99,1897
每个人都有秘密,0,0,1.99,181
那些年的秘密,0,0,1.99,487
无边的黑雾（中）,0,0,3.99,1158
陌生人日记本,0,0,0.99,338
杀死我孩子的人,7.8,89,1.99,3937
红裙子,7.0,34,1.99,2711
清末奇案,0,0,0,1503
落日晚餐,0,0,0,176
门,7.0,73,1.99,1769
野蛮史,0,0,0,31
阿斯那笃黑,8.4,45,0,8467
长生锁,8.0,60,1.99,3921
盗墓风波,0,0,1.99,278
最后的中国佬,8.2,26,6.99,3887
绝命笔记,0,0,0.10,0.10,361
致命婚礼,8.8,20,0,33588
复仇的戒指,0,0,1.99,413
个人重塑史,7.2,186,1.99,14868
暗香,0,0,0,2728
爱情与阴谋,0,0,1.99,189
蝼蚁之死,0,0,1.99,212
樟子镇,7.4,118,1.99,2096
时间穿越之谜,0,0,0,562
生活百态《X档案》,0,0,0,186
窒息,7.8,16,4.99,1206
环岛迷雾,7.6,114,1.99,22143
幻觉互助小组,8.2,23,1.99,1132
恐怖缘,0,0,3.99,1049
笔录,7.4,64,0,2306
万圣夜之恶灵,0,0,1.99,161
生活在别处,0,0,1.99,1322
失眠症,8.4,74,0.99,4066
真实故事改编计划——斧与锤（商河杀人案）,0,0,0,378
虎迫岭,7.0,70,1.99,2380
夜话,5.6,35,1.99,1358
警察故事,6.0,108,1.99,2085
翡翠谷,7.8,30,1.99,1017
我在九岁那年杀了一个人,5.8,163,1.99,3886
无名四部曲,0,0,1.99,602
凶宅笔记,7.6,15,2.99,4272
温柔的掌印,7.6,34,4.99,11341
陌生女人的礼物,0,0,1.99,1547
梦想世界,0,0,1.99,554
困·局,7.6,62,1.99,2178
林川悬疑档案之戏梦,0,0,0,2897
唐川镜,0,0,1.99,1038
镜头,7.2,96,1.99,5396
摇滚歌星之死,7.4,397,1.99,26644
应许之地,0,0,1.99,209
垃圾桶里也有春天,0,0,2.99,214
兄弟,0,0,1.99,758
五人寝室,7.0,86,1.99,2840
鬼,7.6,64,0,9551
死亡小说,0,0,0,19
女大学生遇害事件,8.2,49,1.99,5111
我遇见过一个死在夏天的女孩,7.2,54,1.99,1976
夜雨惊魂,6.6,91,0,5314
豆蔻结,7.4,72,1.99,2099
阴阳台,0,0,1.99,458
手机,7.2,121,0,14194
寻找贾墨菲,7.8,236,1.99,24365
抑郁症患者,7.6,46,0.99,3503
旧船灯2,0,0,1.99,103
2022网络空间历险,0,0,1.99,335
来稿,0,0,1.99,128
第四类凶手,0,0,0,130
黄金生死劫,6.0,86,1.98,1.98,5799
蜀汉英雄,6.8,14,1.99,1834
异响（下）,0,0,4.99,44
海豚宾馆,0,0,1.99,702
不寐之夜：三则怪谈,7.0,20,1.99,837
四月囚鸟,7.8,14,1.99,2518
宿舍,0,0,1.99,210
断偶,7.6,13,1.99,1041
宁静的山谷,5.8,40,0,2879
向阳而生,0,0,1.99,194
八百比丘尼之茧,7.0,440,1.99,31068
保姆,0,0,1.99,248
冲不上的云霄,7.4,11,0.00,1792
杜光明寻塔,0,0,1.99,135
偶遇,7.0,261,1.99,6858
江湖探案系列之：金狮镖局案,0,0,0,853
我和文森特的情人,6.8,164,1.99,6542
追凶,7.4,20,0.00,4270
第二次自杀,4.0,39,1.99,901
303号病房,8.0,61,1.99,1958
月半旅行箱,7.4,154,1.99,5751
周末悬疑酒馆,8.2,52,0,33847
整蛊游戏,0,0,3.99,308
谁杀死了维尼,0,0,0,163
勒索者,0,0,0,3258
荒岛手记,0,0,0.99,731
兰溪怪谈,6.6,31,1.99,3366
雾锁河渡,0,0,1.99,34
救赎,0,0,1.99,551
床下有人,7.4,45,1.99,6941
癌村,0,0,1.99,316
白骨岛的夜·雨·雾〈一〉,0,0,2.99,521
10·7,8.2,27,4.99,9769
亲爱的斯德哥尔摩,6.8,143,1.99,3412
蚁王,0,0,1.99,697
一次谋杀,0,0,0.99,193
逍遥游,6.0,84,1.99,2863
雾锁霾城,8.0,12,2.99,4946
蔷薇令,7.2,20,1.99,1411
六扇门,8.8,305,0,1004509
一封匿名信引发的追寻,5.0,80,0.10,0.10,3971
边城疑云,8.8,118,0,196347
爷爷的奇妙物语,0,0,1.99,526
坠星志,7.8,17,4.99,2234
爱与恨,0,0,1.99,102
沉睡的人总在梦里醒着,7.0,13,0.00,417
大道,5.8,112,1.99,3276
君子国,8.2,11,0,4093
禁闭之昼,7.8,13,1.99,626
数据迷城,5.2,57,1.99,1384
失落症,0,0,1.99,1282
狐步,8.8,37,4.99,2881
鬼迷心窍,0,0,1.99,771
意外杀人事件始末,8.4,340,0,152932
青蛙,7.0,55,1.99,2280
端午,0,0,1.99,318
午夜的电台里都在播些什么？,0,0,0,2222
长夜,7.2,16,1.99,3108
龙泉山上的守墓人,0,0,2.99,456
老实人,7.6,14,1.99,1564
旧船灯,7.6,11,1.99,1799
出鬼,7.2,17,1.99,1419
一把出卖的枪,7.0,151,1.99,3720
恶魔的夙愿,0,0,1.99,110
花煞,0,0,0,6170
巴黎女子图鉴,0,0,0,2
消失的黑天鹅,0,0,1.99,189
相片里的哭泣,7.0,21,1.99,949
补课,6.8,16,0.99,1914
七户青丘,7.2,17,1.99,2423
旧街事,7.4,12,1.99,992
红色旋涡,7.2,11,1.99,451
四分之一手记,0,0,4.99,686
唐奕的盒子,0,0,0.99,66
无意义的旅行,6.4,58,1.99,1160
诸神之惑：天问,6.2,160,1.99,7348
脸孔的尊严,0,0,2.99,200
蔷薇开在荆棘亭,0,0,1.99,330
影子杀手,0,0,1.99,1414
偷窥者的阴谋,7.0,12,1.99,1059
遗弃,0,0,1.99,456
异志录,0,0,0,123
那天晚上，你和谁在一起？,7.4,43,0.99,1879
私奔后遗症,6.0,155,1.99,4449
刀尖之上,0,0,1.99,83
种树人,0,0,1.99,97
肉虫三部曲,8.0,18,2.99,2105
寻经劫,0,0,5.99,1464
蚁穴,7.2,39,1.99,821
肉体买卖,0,0,1.99,479
平安街有人被杀,6.2,47,1.99,1396
看啊，那座遗迹,0,0,1.99,164
不幸存者,0,0,1.99,45
狩猎,7.0,18,1.99,2468
风暴中心,0,0,0.99,79
消失的爱人,0,0,1.99,909
此时此刻,0,0,2.99,1766
炉石旅馆杀人事件,0,0,0,624
宿命是一只兔子主动滑向一杆猎枪,7.4,13,1.99,1791
803研究所：复活,8.8,14,1.99,1381
黑暗中的猛兽,0,0,1.99,72
十年,0,0,1.99,571
真相,6.6,43,1.99,1653
无题,0,0,0,16
成人犯,0,0,1.99,638
我是警察,5.8,20,1.99,1244
东方食人花,0,0,0.99,214
八卦迷宫,0,0,1.99,1255
秘密,7.0,19,1.99,299
替死鬼,7.0,12,3.99,2264
盛开的鸢尾花之伊甸园之花,7.2,20,2.99,864
阴谋论故事（外一篇）,7.6,19,1.99,1234
暗金,6.6,45,1.99,1224
动物聚会,0,0,1.99,194
坠,0,0,1.99,320
浮华背后,0,0,1.99,139
失眠,0,0,1.99,638
狱卒,0,0,3.99,446
最佳监狱,0,0,1.99,73
失联的冠军,6.6,40,1.99,895
借天煞,0,0,2.99,1596
恶念,6.4,45,1.99,1095
瑟瑟萧萧,0,0,1.00,1.00,1670
女朋友的男朋友,0,0,1.99,488
空杯,6.4,216,1.99,23685
一小时，一天，一年,0,0,1.99,119
一分钟破案·推理游戏,6.8,12,0,20178
老宅,6.4,13,0.99,1086
刺花以冬,0,0,0.99,480
不野岛的证人,0,0,0,472
惊蛰,7.2,17,0.99,1545
凶劫,0,0,1.99,199
梦行者,7.8,25,2.99,1028
杀熟,7.4,16,1.99,1038
保家仙传奇,7.6,14,0,2569
怪笑面具,7.0,253,1.99,15567
人类的救赎镜,0,0,4.99,1063
这不是一部爱情小说,6.8,29,1.99,4380
一场虚无中的病,6.6,56,1.99,1201
山岭诡秘,0,0,0,1230
偷车贼,7.2,12,0.99,521
意识觉醒,7.2,69,1.99,2212
在秋天里出逃,0,0,1.99,10
神断宋慈之太学疑案,6.8,16,1.99,310
美丽的尸体,6.4,16,1.99,1137
两起车祸,0,0,1.99,322
讹谶,8.4,58,2.99,3476
编号76,0,0,0.99,295
彩虹城 Rainbow Village,0,0,0,7177
精神病医生,7.4,186,0,14213
孩子的哭声,5.8,54,1.99,1207
再生,0,0,1.99,1337
无情剑,0,0,1.99,558
上海三联,0,0,1.99,1150
往生,7.6,41,4.99,8624
女生宿舍的笔仙,6.8,370,1.99,37259
地下室,6.6,31,1.99,3457
法尔城序曲,0,0,1.99,773
迷失之拳,0,0,1.99,588
2046,0,0,1.99,567
青阳归,7.6,302,1.99,24100
杀生,5.8,114,1.99,2444
金风玉露一相逢,6.6,65,1.99,1245
觉醒 1：黑石疑云,0,0,0.00,1048
发财之路,0,0,1.99,213
西角的湿与霾,0,0,1.99,288
第六个女病人 ,7.8,21,1.99,1014
爱丁堡火车站谋杀案,0,0,0,55
一个杀手的入行作品,7.0,73,1.99,3565
你的身体是个仙境（梦马篇）,7.0,21,0,2243
余烬,0,0,1.99,347
食人鱼,0,0,1.99,1117
追故事的人,0,0,1.99,360
路遇,0,0,1.99,985
朝内81号,6.4,17,9.99,6112
夜车,0,0,0.99,661
黑暗的尽头，请留步,0,0,1.99,94
民间灵异录,6.8,38,0,53082
貔貅玦,6.6,35,1.99,986
惩罚我,0,0,1.99,219
身份,0,0,0,1313
幸福药方,9.0,117,0,255584
红蟹岛,0,0,2.99,1244
迷城凶案,7.6,125,4.99,11576
宝蓝色的秘密,0,0,1.99,328
中奖之后,6.2,134,1.99,4737
妈妈是我妈妈，但那个人不是我爸爸,7.0,71,1.99,6361
恶之花,0,0,1.99,379
K先生之死,0,0,1.99,590
焦土计划,7.8,12,2.99,1541
楼上,5.2,103,1.99,1945
球形恐惧症,0,0,1.99,265
可疑的房客,0,0,0,68
逍遥法外,7.0,141,1.99,4129
我的葬礼,7.4,278,1.99,12358
基础楼怪谭,0,0,0.99,78
犯罪画像,0,0,0.99,1108
三木鬼怪录,0,0,0,11
银背刽子手,0,0,1.99,811
众生之死,8.4,437,1.99,31738
山鲁佐德,6.0,151,1.99,2496
年,6.2,119,1.99,2442
爱上百万的女人们,0,0,1.99,71
比限,7.4,195,1.99,4864
深渊,7.2,13,1.99,1448
红蓝蚀,0,0,1.99,141
雏菊,7.2,21,1.99,1229
摇晃的木偶,0,0,1.99,687
异响（上）,0,0,4.99,272
狼人传说,0,0,1.99,867
妈妈的犯罪,0,0,1.99,682
送终,0,0,1.99,112
寻枪,0,0,1.99,197
蓝焰之村,6.8,12,0.99,523
冥蝶,0,0,1.99,298
雕像城,0,0,1.99,319
水潭,0,0,0,66
纹理,5.6,53,1.99,1062
永劫回归,0,0,1.99,123
锦衣卫之夺山记,6.6,65,1.99,1901
境外犯罪调查处,0,0,0,323
少女失踪之谜,7.4,239,1.99,5854
假如一切可以重来,0,0,0,371
流放岛日志,0,0,4.99,775
蝗虫侦探症候群,0,0,1.99,166
厦大异闻录,6.6,34,1.99,4755
神木·鬼树,7.6,168,1.99,5114
陈年大桥坍塌事件始末,8.2,17,1.99,2567
人间蒸发,7.0,21,0.99,875
狗仔,0,0,1.99,600
拜托，快来抓我,7.0,12,1.99,1121
消失的弗兰克,0,0,2.99,997
仙人掌的阴影面积-日常微悬疑系列短篇,0,0,0,123
穿越楼兰,0,0,0,5542
海底龙踪,7.2,237,1.99,6602
傀儡,6.4,52,0,6118
腐败之心（上）,7.8,17,3.99,6275
直觉,0,0,1.99,411
隐在树下的匕首,0,0,1.99,145
歹徒列传,6.6,110,1.99,2209
三只小鸟,7.2,34,1.99,4858
五人行,0,0,1.99,816
沧海遗粟,0,0,1.99,309
尤比克之夏,0,0,4.99,2464
失踪,0,0,1.99,156
厦大异闻录二：芙蓉水鬼,6.4,12,1.99,3532
穷途,6.8,107,1.99,4528
李哲的夏天,0,0,1.99,72
寻找死刑犯莽克的一生,7.6,11,0.99,270
负我,0,0,1.99,890
国王万岁,0,0,5.99,318
带血的言情小说,0,0,2.99,380
杀死悲剧,6.2,72,1.99,1113
曙暮杀手,7.4,60,1.99,1786
苍县杀人事件,7.0,17,1.99,1946
不老方,8.0,15,1.99,2510
沙皇的间谍,0,0,5.99,62
无名街道,5.4,73,1.99,2002
阴晴不定,0,0,0,41
巨人的来信,0,0,0.99,149
魔女,0,0,1.99,329
健身房谋杀案,0,0,0,340
《暗巷》,0,0,0,1173
谁在逼我离婚,4.4,57,1.99,959
爱人永逝,8.0,38,1.99,2425
刀客,7.0,124,1.99,3387
叠织之影,7.2,11,0,14045
蛊案迷踪,0,0,0,4202
黑色魔方 I 脑洞故事集,0,0,0,72
7.4,44,1.99,10276486277506302171149317558
一杯苦酒,0,0,0,635
东方列车与谋杀案,5.2,60,1.99,2069
2071,0,0,1.99,1034
向心探案日记,0,0,0,32
炉火,6.6,112,1.99,2321
我的朋友是私家侦探,0,0,0,2
湘西精怪故事集,8.0,33,0,289680
雪咒,0,0,2.99,135
猫态幽灵,0,0,1.99,172
再见乌子园,0,0,1.99,625
赶尸匠,0,0,3.99,961
阳仔独家/恐怖惊悚奇幻合集/绝对精彩,0,0,0,101
棕榈街少年杀人事件,0,0,1.99,579
克兰多的肯维,0,0,4.99,1523
鬼火灵童,0,0,0.99,437
南方往事,0,0,0,2500
酒馆关门之前,0,0,0.99,1034
神探慕容,0,0,1.99,504
雪山,0,0,0.99,69
回家的路,0,0,1.99,605
古墓狂蚁,6.2,18,0.99,1675
孙庄异闻录,0,0,4.99,1895
寻找蝴蝶的夜晚,0,0,1.99,675
硬化,5.8,113,1.99,3036
榨汁时代,0,0,1.99,125
鬼楼迷云,0,0,1.99,216
黑名单,0,0,1.99,146
追凶,6.8,20,0,21268
裸体婴儿,0,0,1.99,1222
鸢尾花的故事,0,0,1.99,190
鬼话连篇,6.0,49,1.99,1231
重庆面馆,7.0,168,1.99,4187
幻旅,0,0,0,14
密室,4.2,24,0.99,651
阳世奸雄,0,0,0,366
死因荒谬,0,0,0,17
意外,7.4,15,1.99,667
都市卧底,0,0,0.99,258
三月三三,0,0,0,104
死亡旅馆,0,0,2.99,734
遗书,7.4,37,1.99,2289
儿子是个陷阱,0,0,1.99,402
死里逃生,7.6,32,0.99,4646
连环杀手炼成记,0,0,0.99,1160
漫长的挽歌,7.4,11,1.99,953
热病科,0,0,0,134
三维作家,0,0,1.99,200
灵魂独白,6.0,79,1.99,3664
被采访者李薇妮,0,0,1.99,361
我已在人间炼狱里,7.2,14,1.99,841
徒劳,0,0,1.99,1283
血蔷薇,8.4,22,2.99,3992
消失的爱人,0,0,1.99,249
这个杀手她很暖,7.4,26,1.99,2009
从犯,0,0,1.99,1274
杀人鸡,7.4,26,1.99,1140
打往天堂的手机,0,0,1.99,158
杨柳·青蛙·龙,0,0,1.99,106
最后一场赌博,0,0,1.99,376
人皮鼓,0,0,1.99,219
阜春中学公厕惨案,0,0,0.99,126
没有人给他写信的阿昌,7.8,19,1.99,1629
眼睛或一假期的死亡,0,0,2.99,351
殇歌乱,7.6,30,10.99,2859
隐藏,0,0,1.99,211
极地魅影,0,0,1.99,769
向死而生,0,0,1.99,917
裸露,8.0,26,1.99,935
无限人间失箸人 -《人民的名义》高育良同人,0,0,0,437
德古拉；吸血鬼伯爵,0,0,0,2
林中巨船,7.2,254,1.99,16749
流浪之王,7.6,21,1.99,1474
耽溺二手家具的女人,6.2,68,1.99,1574
致没有力量的我,0,0,0,3
考验智商的1001个思维游戏,0,0,0,389
失控72小时,0,0,0,11901
被偷走的影子,6.8,16,0.99,718
眠,7.2,125,1.99,3429
他们的精彩人生,0,0,1.99,477
蝼蚁,0,0,1.99,211
时间的长度,0,0,1.99,1357
青岩镇,5.6,45,1.99,948
寻找刘文娟,8.2,35,1.99,2286
戒心,0,0,0,39
可有可无,0,0,1.99,235
影子的记忆,0,0,1.99,147
七寸,7.8,109,2.99,34317
雨雾天鹅堡,6.4,53,1.99,1490
年月荒唐,0,0,0,120
梅纹长颈花瓶,8.0,14,1.99,654
击杀,0,0,1.99,283
好吧，未来,7.2,13,1.99,449
首尔午夜追逐的脚步,0,0,0,15861
你何时归来,0,0,1.99,324
倾听者,5.2,45,1.99,921
七个木头小人,7.2,19,1.99,1289
豪宅风水三日行,6.4,63,1.99,2164
蛇男,0,0,1.99,82
概率问题,6.6,176,1.99,5256
僧门案,0,0,0,95
杀死我,7.2,19,1.99,801
幻象,7.2,18,1.99,1248
RC午夜噩梦析,0,0,1.99,1049
白江夜雪,6.8,13,0.99,928
逝者之刺,0,0,1.99,129
阁楼惊魂,6.8,20,1.99,1275
带蝴蝶刺绣的喇叭裤,0,0,1.99,48
代号鬼影,0,0,0,33
唯利是图,6.6,91,1.99,2303
妖术,7.6,12,0.99,869
白桦镇连续杀人事件,0,0,0,1675
野营,6.8,17,0.99,2805
同谋,0,0,1.99,137
故事应在最精彩的时候结束,6.6,198,1.99,10384
两个混蛋,0,0,1.99,127
天使拉结尔之书,0,0,1.99,800
杀人不难,7.2,14,1.99,1946
在最深的恐惧里相遇,6.8,155,1.99,3025
人心黑洞,7.2,26,0.99,1221
末日重置,0,0,1.99,170
青空文库翻译计划,0,0,0,105
荒原,0,0,1.99,558
疑路追凶,0,0,2.99,2346
抓住他,0,0,1.99,123
窥视者的悲剧,0,0,1.99,166
悬念,0,0,0,19216
无边的黑雾 （第三册）,0,0,3.99,1170
公元1994年的夏天,6.6,43,1.99,809
剧作家的书桌,0,0,1.37,242
动物园,6.8,11,1.99,831
伊甸,0,0,1.99,38
公园湖,5.6,41,1.99,739
谁是真凶,0,0,1.99,424
好久不见,0,0,1.99,244
群星之末前传·六朝案,0,0,1.99,395
孑孓者,0,0,1.99,278
学术工厂,6.0,127,1.99,3157
回忆和他的朋友们,7.4,11,1.99,974
推迟的二十五分钟,0,0,1.99,83
幽冥天坑惊魂记,5.8,107,1.99,2458
一切重来,7.4,17,1.99,1375
侦相,0,0,1.99,51
怜悯,6.8,190,1.99,7041
铁·炎·王,0,0,1.99,26
失踪,6.6,130,1.99,4237
逆流而上：考古奇缘,0,0,1.99,1025
醒来,7.2,208,1.99,6310
古孜浪尔,0,0,0,59
我驱魔捉鬼的那些年,0,0,0,229
夜色,0,0,2.99,1709
阿措,0,0,0.99,193
线性几何,0,0,0,3
数字杀人游戏,0,0,1.99,823
白色玉兰花（连载版）,9.0,64,0,82916
日光之下,5.4,60,1.99,1041
谍雾迷城,0,0,0,70
从零开始,0,0,1.99,1990
恋人二对一,0,0,0,104
追踪委托人,0,0,0,60
江波微澜,0,0,0,47
盛开的鸢尾花之国家的崛起,0,0,0,36
寻龙脉,0,0,0,10973
南方,7.8,34,1.99,3116
心结,0,0,0.99,0.99,1579
无情游,0,0,0,173
曼陀罗,7.6,11,3.99,3001
听雨阁-桃夭篇,0,0,0,9
英雄,0,0,1.99,181
共犯,6.2,59,1.99,1059
镜月湖综合征,0,0,1.99,2082
意外,0,0,1.99,116
两面人,6.6,12,0.99,1057
除夕夜荒踪,6.4,65,1.99,2190
马尔克斯的子弹,5.4,50,1.99,2184
桃花沟,0,0,0,1071
凌晨三点到达,7.4,11,1.99,732
少年催眠师,5.2,36,1.99,961
幻影,7.4,125,1.99,3654
爱的九条命,0,0,1.99,56
年华似凶,0,0,1.99,199
暗夜谜凶,7.4,14,1.99,189
寻人启事,0,0,1.99,190
凤岗里袭击,0,0,1.99,326
书记的囚车,0,0,1.99,529
不能进的房间,0,0,1.99,205
狐狸游戏,0,0,1.99,225
追凶纪,0,0,1.99,683
杀手熊猫,7.8,16,0.99,695
蛾窟惊魂记,0,0,0,299
七月十四之 修罗转世,7.2,14,0,1853
生与死的人生,0,0,1.99,270
四个男人,0,0,0,1329
被噩梦缠绕的女人,0,0,1.99,94
日光,6.2,129,1.99,2383
遥夜吟,7.8,390,1.99,16257
剥离的叶子,7.0,13,0.99,515
最后的女王,0,0,1.99,304
物语终焉,0,0,2.99,1630
四重罪,7.8,61,1.99,8339
单人电影,7.4,15,1.99,560
空之桥,7.8,36,1.99,1712
血旗袍Ⅰ：蚀骨迷情,0,0,2.99,3693
征文截稿日,0,0,1.99,988
荒芜里电影院,7.4,384,1.99,23556
本性难移,0,0,1.99,55
情人节次日的出轨调查,7.8,36,0.99,2579
月寂,0,0,4.99,996
不正经脱口秀,0,0,0,400
中空地带的爱情,7.2,16,1.99,1145
赴死,0,0,1.99,179
雨的守望,0,0,0.99,144
FIND,0,0,1.99,91
医怨,0,0,1.99,189
那年，我们青春的记忆,0,0,1.99,116
确认者,7.0,265,1.99,11970
燃烧,0,0,1.99,344
告别与被告别,0,0,0,3096
神秘录,6.6,25,0,68437
奉城往事Ⅱ,8.2,38,1.99,4318
楼兰破奴记,7.2,133,1.99,5405
无边的黑雾(第四册）吞噬,0,0,0,6011
南梦客栈,8.2,33,0.99,2044
人间失灵,0,0,0,633
沙琪玛,7.2,286,1.99,23146
医生手记,0,0,0,649
校园灵异传说杀人事件,7.4,70,0,63870
脑控少女,0,0,0,2986
第三天,8.0,45,1.99,8379
我不是疯子,0,0,0,134
重生之影,0,0,1.99,285
未名一,0,0,0,1816
出轨疑云,4.8,56,1.99,1381
分化,0,0,0,20
魔鬼爵士,0,0,1.99,254
4.99,349279227100199195199201205199
无名书,0,0,0,98
孤儿 ,0,0,1.99,1161
4.99,352285218223220222220214207209
崧泽妖绘,0,0,0,2062
暗号,6.4,59,1.99,1129
奇迹度假酒店,0,0,1.99,354
逃生,0,0,1.99,303
过去的水塘,5.2,62,1.99,3146
卧轨始末,0,0,0,11
魔幻城,0,0,0,7
奇奇怪界,0,0,0,6620
致我深爱的美丽世界,0,0,0,52
渡鸦,0,0,0,881
文明遗藏,0,0,0,108
雾岛怪谈,0,0,0,247
利欲,0,0,0,98
女萨满的时空,0,0,0,189
分化,0,0,0,20
毕业日,0,0,0,45
黄泉六记,0,0,0,413
鸢尾本纪,7.2,11,0,826
原点卷宗,0,0,0,355
大夏瑰宝,0,0,0,937
你好，世界/Hello World,0,0,0,94
开到荼靡,0,0,0,9
流剑映雪,0,0,0,178
谁还带着赴的因为,0,0,0,349
玻璃会说话,0,0,0,12
破 诡,0,0,0,25
不再此继续更新,0,0,0,119
十月故事,0,0,0,31
兰舟志怪记,0,0,0,35
神都魊妖记,0,0,0,139
开到荼靡,0,0,0,9
流剑映雪,0,0,0,178
谁还带着赴的因为,0,0,0,349
玻璃会说话,0,0,0,12
破 诡,0,0,0,25
天公地道,0,0,0,1479
跟踪者,0,0,0,19
十月故事,0,0,0,31
兰舟志怪记,0,0,0,35
神都魊妖记,0,0,0,139
开到荼靡,0,0,0,9
夜半琴音,0,0,0,23
流剑映雪,0,0,0,178
谁还带着赴的因为,0,0,0,349
破 诡,0,0,0,25
无头女尸的尖叫,0,0,1.99,240
泥潭,0,0,0,115
无人应答,0,0,1.99,966
成都僵尸,0,0,0,17670
9.90,187145857212
小说家,7.2,32,0.99,788
6.00,9688118071481077673818897
夜半琴音,0,0,0,23
梦生,0,0,0,2379
1.99,644751484946554
在你的尸体上跳舞,0,0,0,12069
明眸之律,0,0,0,427
心理咨询手记,0,0,0,1745
雨夜里的凶灵,6.8,15,0.99,496
医大怪谈,0,0,0,59
100人的犯罪现场,0,0,0,468
围炉野话,0,0,0,428
守护,0,0,0,89
无边的黑雾(第一册）,8.0,36,0,48361
过去心不可有之西域神剑,0,0,0,16
练习,0,0,0,9
残酷的蜕变,0,0,0,808
城女,0,0,0,26
方元,0,0,0,18
视灵,0,0,0,4
幸子的项链,6.8,11,1.99,648
嘘，这是个秘密,0,0,1.99,73
千丝万缕,0,0,0,694
困惑的陈先生和七重境界,0,0,0,12
探宝奇兵之寻找蜀国最后的宝藏,0,0,0,71
都市短篇悬疑系列,0,0,0,113
一个人的日常冒险,0,0,0,179
100人的犯罪现场,0,0,0,468
围炉野话,0,0,0,428
守护,0,0,0,89
无边的黑雾(第一册）,8.0,36,0,48361
练习,0,0,0,9
残酷的蜕变,0,0,0,808
桃花小铺,0,0,0,11
城女,0,0,0,26
方元,0,0,0,18
视灵,0,0,0,4
过去心不可有之西域神剑,0,0,0,16
嘘，这是个秘密,0,0,1.99,73
千丝万缕,0,0,0,694
困惑的陈先生和七重境界,0,0,0,12
探宝奇兵之寻找蜀国最后的宝藏,0,0,0,71
都市短篇悬疑系列,0,0,0,113
一个人的日常冒险,0,0,0,179
鹿迢迢的深夜故事——奇报悬案,0,0,0,16
云烟往事,0,0,0,44
咕咚,0,0,0,39
窒息,0,0,0,1498
回环,0,0,0,7
夏天的秘密（原名：毕业季的秘密）,0,0,0,94
牙痕,0,0,0,808
《伥》,0,0,0,1098
都市奇异录,0,0,0,13006
海岛迷城,7.4,24,0,3967
证明,0,0,0,216
遇见爱情的我们,0,0,0,119
梦魇,0,0,0,5160
阴阳界怪谈,0,0,0,72
蓬莱,0,0,0,542
抢劫珠宝店,6.4,92,1.99,3924
旋涡,0,0,1.99,124
麻雀备攻,0,0,0,120
人间噩梦,0,0,0,5167
蓝色的鸟,0,0,0,1679
暂时停留,0,0,0,89
非命,0,0,0,2170
荼毒,0,0,0,160
失窃的记忆,0,0,0,1484
山海录之黄荆老林,0,0,0,1761
史书不会记载龙,7.6,37,1.99,1343
唐门III,0,0,0,17
九阴刹体,0,0,0,12
民国疑案 -- 洋楼与公寓,0,0,0,28
【惊悚】月寂人静系列之寂静乐园,0,0,0,81
半载咒,0,0,0,5
唐门III,0,0,0,17
九阴刹体,0,0,0,12
民国疑案 -- 洋楼与公寓,0,0,0,28
【惊悚】月寂人静系列之寂静乐园,0,0,0,81
牙痕,0,0,0,808
探灵小分队,0,0,0,86
撰纸,0,0,0,1529
海岛迷城,7.4,24,0,3967
证明,0,0,0,216
遇见爱情的我们,0,0,0,119
阴阳界怪谈,0,0,0,72
住家贼,0,0,1.99,609
无间奈落,0,0,0,309
旋涡,0,0,1.99,124
陆地海洋,7.4,102,1.99,1307
马文的德国世界,0,0,0,7
入室盗窃,0,0,0,213
蓬莱,0,0,0,542
非命,0,0,0,2170
荼毒,0,0,0,160
梦魇,0,0,0,5160
暂时停留,0,0,0,89
史书不会记载龙,7.6,37,1.99,1343
强迫世界,0,0,0,354
超人国,0,0,0,51
撰纸,0,0,0,1529
漫画家之死,0,0,0,385
杀手野生,0,0,0,305
怒潮,0,0,0,436
住家贼,0,0,1.99,609
虚构的恋人,0,0,0,549
纽伦克之六梦阁,0,0,0,10714
南方·北方,6.4,119,1.99,2253
鬼话山,0,0,0,2664
陆地海洋,7.4,102,1.99,1307
马文的德国世界,0,0,0,7
江湖四公子之神剑妖刀,7.8,12,0,8969
城市超验事件行记1：永生者事件,0,0,0,845
双面魔,0,0,0,23
探灵小分队,0,0,0,86
无间奈落,0,0,0,309
绘之章,0,0,0,90
入室盗窃,0,0,0,213
强迫世界,0,0,0,354
《寻妖记》,0,0,0,73
逃离,0,0,0,27
幽灵船,0,0,0,27
树城,0,0,0,71
执着者,0,0,0,15
魅梦,0,0,0,49
忏悔,0,0,0,95
情书神隐,0,0,0,19
盗墓：涅槃之轮回,0,0,0,79
囹圄,0,0,0,218
大唐余韵,0,0,0,76
《碰触》,0,0,0,17
夜行集,0,0,0,51
《极地猎人》,0,0,0,295
《净化论》,0,0,0,89
毒姬,0,0,0,17
宇宙催眠师 第三章 苏醒之州,0,0,0,93
灵魂契约：孤独之殇,0,0,0,453
紫雾,0,0,0,33
王非雪从不开口说话,0,0,0,38
夏娃与亚当,0,0,0,22
无间奈落,0,0,0,309
撰纸,0,0,0,1529
忏悔,0,0,0,95
虚构的恋人,0,0,0,549
大唐余韵,0,0,0,76
幽灵船,0,0,0,27
探灵小分队,0,0,0,86
魅梦,0,0,0,49
树城,0,0,0,71
马文的德国世界,0,0,0,7
情书神隐,0,0,0,19
执着者,0,0,0,15
入室盗窃,0,0,0,213
盗墓：涅槃之轮回,0,0,0,79
双面魔,0,0,0,23
囹圄,0,0,0,218
逃离,0,0,0,27
纽伦克之六梦阁,0,0,0,10714
星光下的暗影,0,0,0,76
长篇奇幻历险小说《海豚》,0,0,0,120
《小山蝇历险记》(作者；易显寒),0,0,0,135
生命管理局,0,0,0,96
北纬三十度,0,0,0,62
次元行者,0,0,0,130
谁催眠了这个世界,0,0,0,17
死者的推理,0,0,0,696
王文故事集,0,0,0,109
命运的奴隶,0,0,0,20
执刀,0,0,0,22
捕尸四少,0,0,0,37
寻经劫,0,0,0,7736
女警与武士的奇缘,0,0,0,826
旧时故,0,0,0,31
狐臭,0,0,0,77
年关年关,0,0,0,800
之姜的三两事,0,0,0,23
倩魂君伶,0,0,0,712
黑巫覡番外：十七年蝉,0,0,0,60
珍贵的礼物,0,0,0,35
黑色帽子,0,0,0,57
第十三只空碗,0,0,1.99,53
忘却的旋律,0,0,1.99,181
道德与情感,0,0,0,3010
第二终审法庭,0,0,1.99,78
城市猎人,0,0,1.00,1.00,236
时空搅拌机,0,0,0,391
狐形屋之监狱卷,0,0,0,21
《杀死那只圣鹿》,0,0,0,59
平行宇宙,0,0,0,52
魔,0,0,0,18
三伏消暑限定,0,0,0,29
未来史诗2137,0,0,0,622
我并不是一个人,0,0,0,199
白少,0,0,0,85
火木童子,0,0,0,296
莫里哀的悲鸣,0,0,0,11
火木童子,0,0,0,296
莫里哀的悲鸣,0,0,0,11
《小山蝇历险记》(作者；易显寒),0,0,0,135
死者的推理,0,0,0,696
同学戮,0,0,0,1765
秋天来了我们就欢娱而死,0,0,0,1073
6小时杀人游戏,0,0,0,16
明见万里,0,0,0,39
龙战于野,0,0,1.99,138
阿妓,0,0,0,1786
一个白日梦患者的奇异废柴人生,0,0,0,73
写在掌心里的预言,0,0,0,38038
人间疑犯,0,0,0,453
公主坟,6.4,42,1.99,4359
风华绝代,0,0,0,15
脑洞进化指南,0,0,0,20
6.99,111705145434545444547
签言录,0,0,0,79
逐影人,0,0,0,66
死亡领袖,0,0,0,140
魔幻小镇之追凶,0,0,0,41
安魂曲,0,0,0,174
食道美肉,0,0,0,35
生死轮神通传：血洞,0,0,0,185
魔幻小镇之追凶,0,0,0,41
逐影人,0,0,0,66
死亡领袖,0,0,0,140
签言录,0,0,0,79
安魂曲,0,0,0,174
这个杀手有点白,0,0,0,1552
食道美肉,0,0,0,35
江夏特务司,0,0,0,731
重生,0,0,0,43
黄金眼,0,0,0,21
植物人之旅,0,0,0,34
安魂曲,0,0,0,174
生死轮神通传：血洞,0,0,0,185
恶之海,0,0,0,224
海吃了男孩,0,0,0,11
吴警官系列,0,0,0,45
声埋,0,0,0,93
心结,0,0,0,340
猎物,0,0,0,256
百字故事奇谈,0,0,0,125
再见多巴胺,0,0,0,599
地狱超特快列车,0,0,0,302
向日葵之石,0,0,0,16
钉子户,0,0,0,129
一只特立独行的蛙,0,0,0,46
103宿舍：丧尸入侵回忆录,0,0,0,88
恶之海,0,0,0,224
海吃了男孩,0,0,0,11
吴警官系列,0,0,0,45
等你死了來我店裡喝杯咖啡,0,0,0,34
今天，我成了一个鬼,0,0,0,41
向日葵之石,0,0,0,16
百字故事奇谈,0,0,0,125
猎物,0,0,0,256
钉子户,0,0,0,129
一只特立独行的蛙,0,0,0,46
声埋,0,0,0,93
再见多巴胺,0,0,0,599
就在下一个路口,0,0,0,64
103宿舍：丧尸入侵回忆录,0,0,0,88
通往地球的洞,0,0,0.99,183
梅花镇，一座存在于画卷里的鬼镇,0,0,0,186
集异花环,0,0,0,17
夜绸记,0,0,0,7490
温柔的惩罚,0,0,0,51
心锁,0,0,0,153
娜塔丽被囚禁事件,7.2,31,0,31031
古怪集,0,0,0,42
《水塘》,0,0,0,63
拯救柳然,0,0,0,138
恶之海,0,0,0,224
海吃了男孩,0,0,0,11
吴警官系列,0,0,0,45
声埋,0,0,0,93
猎物,0,0,0,256
向日葵之石,0,0,0,16
百字故事奇谈,0,0,0,125
再见多巴胺,0,0,0,599
地狱超特快列车,0,0,0,302
钉子户,0,0,0,129
一只特立独行的蛙,0,0,0,46
等你死了來我店裡喝杯咖啡,0,0,0,34
103宿舍：丧尸入侵回忆录,0,0,0,88
破碎的旋律,0,0,0,362
毒爱,7.4,13,0,3336
丙戌年七月半,0,0,0,33
镖门诡事之会说话的骨灰坛子,0,0,0,277
秀逗嘛,0,0,0,78
大荒南,0,0,0,307
凶病,0,0,0,84
十年有期,0,0,0,270
亲戚,0,0,0,11
城市怪谈,0,0,0,1474
绑架游戏,0,0,0,28
第三十三封信,0,0,1.99,292
荒野鬼事,0,0,0,167
深渊世界,0,0,0,56
Mr.特斯拉的助手不高兴,0,0,0,215
皇甫王帅的亲身经历1,0,0,0,9
蓐女之潜,0,0,0,460
《鬼谷》,0,0,0,3775
宫城,0,0,1.99,387
青铃记,0,0,0,39
丙戌年七月半,0,0,0,33
镖门诡事之会说话的骨灰坛子,0,0,0,277
秀逗嘛,0,0,0,78
化蝶,0,0,0,341
梦·游记,0,0,0,19
RC午夜噩梦析（下部）,0,0,0,137
凶病,0,0,0,84
十年有期,0,0,0,270
失衡,0,0,0,4042
亲戚,0,0,0,11
绑架游戏,0,0,0,28
第三十三封信,0,0,1.99,292
荒野鬼事,0,0,0,167
NBI推理游戏·死亡笔记,0,0,0,282
Mr.特斯拉的助手不高兴,0,0,0,215
皇甫王帅的亲身经历1,0,0,0,9
失魂,0,0,0,195
《完形世界——视角演绎录》 哲学幻想小说,0,0,0,42
思想劫难,0,0,0,9
青铃记,0,0,0,39
孙悟空捉妖记,0,0,0,126
时光偷渡人,0,0,0,10
夜色2：狩夜人,0,0,0,115
冷冬,0,0,0,209
天堂不会下雪,0,0,0,424
归途月光,0,0,0,128
铃星孤煞,7.8,12,1.99,1725
归途月光,0,0,0,128
时光偷渡人,0,0,0,10
别理,0,0,0,9
天堂不会下雪,0,0,0,424
半兵卫与茉莉,0,0,0,339689
鬼差记事节选,0,0,0,191
某小说,0,0,0,359
血色鬼婴,0,0,3.99,454
《相思禅》,0,0,0,129
遗忘,0,0,0,10230
乌兰巴托惊魂记,0,0,0,1042
6.99,1472419202212662020
给爸爸的礼物,6.2,130,1.99,3231
追梦党,0,0,0,1983
案情在继续,0,0,0,1273
“惊悚夜”酒馆,0,0,0,47
没有星期一的男人,0,0,0,210
苦酒难咽,0,0,1.99,328
金田一同人推理小说,0,0,0,77
猫遇,0,0,0.99,306
魔物回天,0,0,0,2893
窥视,0,0,1.99,228
死神面具,0,0,0,730
城市孤儿,0,0,0,449
暗徒,0,0,0,2219
夜行者,0,0,0,188
快乐的马驹,0,0,0,188
夜幕下的黎明,0,0,0,2864
犀牛之死,0,0,0,1034
双生,0,0,1.99,420
阳光下的罪恶,7.2,67,1.99,3245
罪爱之都,0,0,0,255
不完美谋杀案,0,0,0,2869
孤岛长城杀人事件,0,0,0,1865
半兵卫与茉莉,0,0,0,339689
给爸爸的礼物,6.2,130,1.99,3231
血色鬼婴,0,0,3.99,454
克苏鲁的实验,0,0,0,57
乌兰巴托惊魂记,0,0,0,1042
6.99,1472419202212662020
《教师的逃亡计划》,0,0,0,23
九生秘,0,0,0,131
奈落之城,0,0,0,198
《民国探奇录》,0,0,0,30
避水之鱼,0,0,0,2007
英雄出山,0,0,0,1225
众生黑相,0,0,0,119
新一千零一夜,0,0,0,195
暗黑维度,7.6,12,0,12943
克苏鲁的实验,0,0,0,57
怪圈死城,0,0,0,48
《教师的逃亡计划》,0,0,0,23
寻凶,0,0,0,1681
九生秘,0,0,0,131
无名故事,7.6,25,0,7430
灯塔怪谈,6.6,15,1.99,462
普兰塔琪纳特之匣,7.4,156,0,734
黑色故事,0,0,0,956
恶门,0,0,0,762
不知者，有罪,0,0,0,361
我还是我！,6.8,76,1.99,3311
夜深千帐灯,7.6,16,0,1371
对峙,0,0,1.99,421
遗忘天国,0,0,0,281
6.99,1921128770157612139554
古银杏,0,0,0,510
人.鬼.兽,0,0,0,3429
梅花戏,0,0,0,2079
理智与激恋,0,0,1.99,80
毒锋,7.4,17,4.99,30521
十三弦,0,0,0,273
想当初年少赴江湖,0,0,0,56
七千字侦探,0,0,0,10840
6.99,39728425430230620171316
正当防卫同好会,0,0,0,47
【惊悚】月寂人静系列之窥。视,0,0,0,84
啤酒故事,0,0,0,56
正当防卫同好会,0,0,0,47
【惊悚】月寂人静系列之窥。视,0,0,0,84
啤酒故事,0,0,0,56
教师单人团,0,0,0,36
守望者,0,0,0,94
她在灵堂之上,0,0,0,20
民间诡事录,0,0,0,36
正当防卫同好会,0,0,0,47
【惊悚】月寂人静系列之窥。视,0,0,0,84
冷血世界,0,0,0,137
2020,0,0,0,1122
海上之狼 ,0,0,0,2646
冰窟里的男人,0,0,0,164
攻陷紫禁城,0,0,0,5203
山鬼：不归雁,7.2,176,1.99,20406
《凿空记》,0,0,0,136
2.00,1511148172756864717071
敷冰录,0,0,0,2280
镜子中的梦魇,0,0,0.99,303
算命学原理,0,0,0,12300
Transient ghost,0,0,0,50
爱狱惊魂,0,0,1.99,160
意外的真相,0,0,0,2764
黑羽白沙,0,0,0,1315
同学会,0,0,1.99,178
善与恶,0,0,0,214
杀死那个好人,0,0,0,520
回生酒,6.6,232,0,10195
殺·路,0,0,0,2840
叠,4.6,48,1.99,781
芳芳的日记本,0,0,1.99,177
一封信的秘密,0,0,0,531
杀意法则,0,0,0,535
极漠的式白寺,0,0,0,80
跳跃的阳台,0,0,1.99,160
怪谈新语,0,0,0,5229
敷冰录,0,0,0,2280
藏枪,0,0,0,301
盲昼／七日歌,0,0,0,1348
死之谜,0,0,0,134
Transient ghost,0,0,0,50
同学会,0,0,1.99,178
善与恶,0,0,0,214
意外的真相,0,0,0,2764
杀意法则,0,0,0,535
跳跃的阳台,0,0,1.99,160
叠,4.6,48,1.99,781
田林晓露,0,0,0,216
殺·路,0,0,0,2840
莫莫同学,0,0,0,565
芳芳的日记本,0,0,1.99,177
一封信的秘密,0,0,0,531
藏枪,0,0,0,301
尸城,0,0,0,34
罗坎库尔441,0,0,0,925
爱狱惊魂,0,0,1.99,160
极漠的式白寺,0,0,0,80
憋宝记,0,0,0,30
盲昼／七日歌,0,0,0,1348
鬼怪精灵,0,0,0,42
南粤往事,0,0,0,129
下黄庄没有新闻,0,0,0,15
昭雪录,0,0,0,15
法医唐亮,0,0,0,25
平生逍遥,0,0,0,4
鱼城,0,0,0,60
三个痞子传奇,0,0,0,218
死之谜,0,0,0,134
剩女公寓,0,0,0,62
一个人的孤岛,0,0,0,35
田林晓露,0,0,0,216
莫莫同学,0,0,0,565
弈子明的悬聊集,0,0,0,32
狗猫鼠游戏,0,0,0,91
飞蛾之刃,0,0,0,337
犯罪者,0,0,0,422
缸中煮脑,0,0,0,670
视障,0,0,0,7
看不见的同窗,0,0,0,3360
傅拉失踪分析报告,0,0,1.99,168
逐鹿江州,0,0,0,3277
因果与弱决定论,0,0,0,106
女仆之死,5.0,58,1.99,1013
死亡日记,0,0,0,91
78号邮车,0,0,0,294
三 天,0,0,1.99,154
同学会七十二小时,7.2,14,1.99,416
白音华的天空,0,0,0,28
八重樱之乱,0,0,0,306
被迫回忆,7.6,48,0,3897
怪书奇谭,0,0,0,923
受害人和她的家属,0,0,1.99,57
妒意,0,0,1.99,268
荒原煞星,0,0,0,989
杀人游戏,0,0,0,15346
冤影：恐惧的艺术,0,0,0,337
凝视之瞳·缺失,0,0,0,32
岳茫记,0,0,0,17
刀入鞘,0,0,0,2914
玉井村事,0,0,0,25
密孩,0,0,0,124
坠入凡间,0,0,0,16
极速恐慌,0,0,0,20
三打童话,0,0,0,150
奇形怪语,0,0,0,44
每个灵魂都有一片伤,0,0,0,134
江湖奇案之八月十五,0,0,0,121
小秘境,0,0,0,23
恶魔工坊,0,0,0,133
电子人,0,0,0,21
诡梦录之鬼话连篇,0,0,0,3163
秽,7.8,15,0,14487
冰城谜金,0,0,1.99,32
夺命桃花,0,0,0,77
怪谈搜奇,0,0,0,8599
入藏,0,0,0,5
45034531329529829685857862
天使的救赎,7.2,20,0,6221
赫尔辛基的晨星,0,0,0,531
怪物校园,0,0,0,876
高原秘境,0,0,0,14167
鬼斧龙泉,0,0,0,124
末日狂想曲,0,0,0,77
夜间的康塔塔,0,0,0,13
小灰短篇故事,0,0,0,48
穿丝绸的小丑和少女杀手的故事,0,0,0,88
捕手：青囊书,0,0,0,752
无言的结局,7.4,11,1.99,795
陶笛,0,0,0,1637
长着尾巴的者筱麦,0,0,0,1360
风之子,0,0,0,134
红白记事,6.4,114,1.99,4047
海雀,0,0,0,877
完美的犯罪,7.2,15,0,28831
偰文辛斯的秘密,0,0,0,4
幸存者,0,0,0,446
神牌游戏,0,0,0,104
乌衣巷,0,0,0,110
致命关系,0,0,0,2056
NIRVANA I,0,0,0,2090
彼岸花开,0,0,0,145
《三小时对话》,0,0,0,2800
刺骨前行,0,0,0,796
随风而逝,0,0,0,35
暗,0,0,0,46
半神之证,0,0,0,120
小灰短篇故事,0,0,0,48
穿丝绸的小丑和少女杀手的故事,0,0,0,88
水贼王牙港的脱力冒险,0,0,0,1096
黑暗系列·灵魂收藏家（上）,0,0,0,99
花心·之四 东都殢雪,0,0,0,115
怪奇记实录,0,0,0,148
没有所谓遗忘,0,0,0,18
七情六觉,0,0,0,62
是他杀了那个女孩,0,0,0,330
地球的五十五次毁灭,0,0,0,8
共业招感,0,0,0,37
异空感应,0,0,0,23
双命石,0,0,1.99,282
天网,0,0,0,159
红白记事,6.4,114,1.99,4047
会做清明梦的女飞人,0,0,0,14
完美的犯罪,7.2,15,0,28831
亲生怪物,0,0,0,211
无国籍,0,0,0,203
《上古灵石》回梦录,0,0,0,131
权力春药,0,0,0,5542
黑色童话,0,0,0,212
尘影1948,0,0,0,95
夏天制造机,0,0,0,24
死亡谋杀,6.6,56,1.99,1503
《怪诞村》：土匪、军阀、村民究竟谁是戏精,0,0,0,32
第十一夜,0,0,0,45
毕业前,0,0,0,3932
海雀,0,0,0,877
百鬼日行,0,0,0,51
最后一度灰,0,0,0,23
足危,0,0,1.99,49
双命石,0,0,1.99,282
无国籍,0,0,0,203
最后一度灰,0,0,0,23
亲生怪物,0,0,0,211
6.99,35827322519517618029127152
会做清明梦的女飞人,0,0,0,14
《上古灵石》回梦录,0,0,0,131
恶念背后,0,0,1.99,316
夏天制造机,0,0,0,24
死亡谋杀,6.6,56,1.99,1503
《怪诞村》：土匪、军阀、村民究竟谁是戏精,0,0,0,32
滚雷行动,0,0,0,1084
第十一夜,0,0,0,45
毕业前,0,0,0,3932
极道学园,7.2,11,0,303
唐门I,7.4,42,0,84660
百鬼日行,0,0,0,51
伊甸园劫案,0,0,1.99,80
造访自然之奇遇,0,0,0,510
中产阶级邻居,0,0,1.99,472
寂寞至死,0,0,0,8642
天国宝藏,0,0,0,378
腐之花,0,0,0,646
寄生,8.2,50,0,55526
白鼠病毒,0,0,0,226
通古斯河畔的金百合,0,0,2.99,104
梦魇之救赎,0,0,0,163
旧货店诡事,0,0,0,8431
吸血鬼事件,0,0,0,1011
350256211199206180183175170157
扭盘射手,0,0,0,1528
把天堂挪到地上,0,0,0,777
荒陆狂砂,0,0,0,6973
北京妖异志,0,0,0,18487
不定集,0,0,0,11
黑暗故事,0,0,0,59
十六夜的奇迹,0,0,0,178
膝中之戒,0,0,0,340
《十点半的地铁 · 怪奇物语》,0,0,0,31
中产阶级邻居,0,0,1.99,472
是谁撒了谎？,6.6,12,0,4406
寂寞至死,0,0,0,8642
杀死这个懦夫,8.2,27,2.99,1679
天国宝藏,0,0,0,378
腐之花,0,0,0,646
寄生,8.2,50,0,55526
白鼠病毒,0,0,0,226
通古斯河畔的金百合,0,0,2.99,104
造访自然之奇遇,0,0,0,510
旧货店诡事,0,0,0,8431
吸血鬼事件,0,0,0,1011
350256211199206180183175170157
扭盘射手,0,0,0,1528
把天堂挪到地上,0,0,0,777
荒陆狂砂,0,0,0,6973
北京妖异志,0,0,0,18487
梦魇之救赎,0,0,0,163
饕餮会馆,0,0,0,1546
幽影夜行,0,0,1.99,104
深夜灵堂,7.6,14,0,3404
鱼纹之泣,0,0,0,2014
6.99,146661346531344333
脑颅中的多巴胺,0,0,0,815
阁楼密语,6.6,16,1.99,887
沉舟记,0,0,0,658
TimeNote,0,0,0,1268
我的三色世界,0,0,0,483
超验爱,0,0,0,198
湄洲少年往事,0,0,0,524
驱鬼,6.6,22,1.99,982
5.80,12312413953494844454342
7命,0,0,1.99,288
厨子的秘密,0,0,1.99,377
弃卒镖局,7.6,19,0,6870
2.99,54413430272625353
饕餮会馆,0,0,0,1546
深夜灵堂,7.6,14,0,3404
死于春日,0,0,0,42
无涯之舟,0,0,0,967
脑颅中的多巴胺,0,0,0,815
敲门声,0,0,0,511
到底来了几个人？,0,0,0,7
幽影夜行,0,0,1.99,104
守护狗尸体的女人,0,0,0,87
龙冈少年 Lone & Gone,0,0,0,131
超验爱,0,0,0,198
杀人回忆之无尽杀戮,0,0,0,329
6.99,146661346531344333
却道海棠依旧,0,0,0,24
造物者的梦语,0,0,0,9
星空,0,0,1.99,100
厨子的秘密,0,0,1.99,377
弃卒镖局,7.6,19,0,6870
罪案谜踪前传：校园贩毒案,7.4,15,0,1013
相声杀人事件,0,0,0,2193
罪与恕,0,0,0,41
肉桂庄园,0,0,0,103
侠盗恩怨之追捕江湖疑犯,0,0,0,152
异国诡事,0,0,0,90
《九个人的仇》,0,0,0,13
公孙诡秘,0,0,0,102
诡怪故事集,0,0,0,247
造梦工坊,0,0,0,141
静北，我早已不再是我,0,0,0,99
罪与恕,0,0,0,41
造梦工坊,0,0,0,141
肉桂庄园,0,0,0,103
侠盗恩怨之追捕江湖疑犯,0,0,0,152
异国诡事,0,0,0,90
《九个人的仇》,0,0,0,13
公孙诡秘,0,0,0,102
诡怪故事集,0,0,0,247
元素魔法阵连续杀人事件,0,0,0,74
静北，我早已不再是我,0,0,0,99
饕餮会馆,0,0,0,1546
九日,0,0,1.99,192
驱鬼,6.6,22,1.99,982
黎明前的忏悔,0,0,0,2307
青林旧事,0,0,1.99,25
阁楼密语,6.6,16,1.99,887
Alpha @,0,0,0,2115
变奏曲,0,0,0,15
金鲶鱼,0,0,0,4144
迷雾,0,0,0,70
如谶,0,0,0,240
超验爱,0,0,0,198
6.99,146661346531344333
5.80,12312413953494844454342
丙戌年七月半,0,0,0,44
捕捞记忆,0,0,0,14922
杀死九只猫,0,0,0,2489
第四次死亡,0,0,0,49
Q,0,0,0,64
月亮之眼,0,0,0,33
九日,0,0,1.99,192
寻陵记,0,0,0,3157
黎明前的忏悔,0,0,0,2307
迷离契约,0,0,0,610
心理有诡,0,0,0,15302
35920218253
迷雾,0,0,0,70
归于尘土,0,0,0,404
青林旧事,0,0,1.99,25
轮胎,8.0,66,1.99,11704
浮世惊奇,0,0,0,13810
捕捞记忆,0,0,0,14922
杀死九只猫,0,0,0,2489
冰箱里的舅舅,6.2,14,1.99,1148
9.6,115,6.00,118331014999499865983898359786976497629753
Q,0,0,0,64
月亮之眼,0,0,0,33
殇歌乱I,7.4,27,0,106802
拘魂录,0,0,0,26771
蛇咒,0,0,2.99,133
每晚一则身边灵异,0,0,0,30
关键词游戏系列,0,0,0,11
双子,0,0,0,12
无尽的噩梦,0,0,5.99,1130
《从南到北》,0,0,0,143
天黑请闭眼,0,0,0,43
生死城,0,0,0,26
金教授的米粉屋,7.4,16,0,5555
《丧心往事》,0,0,0,20
异人馆,0,0,0,283
九日,0,0,1.99,192
如谶,0,0,0,240
亡名渡,0,0,0,753
黎明前的忏悔,0,0,0,2307
终结反应,0,0,0,22
捕捞记忆,0,0,0,14922
变奏曲,0,0,0,15
顽童,0,0,0,71
迷雾,0,0,0,70
金鲶鱼,0,0,0,4144
荒诞故事系列,0,0,0,20
青林旧事,0,0,1.99,25
丙戌年七月半,0,0,0,44
Alpha @,0,0,0,2115
杀死九只猫,0,0,0,2489
第四次死亡,0,0,0,49
殇歌乱I,7.4,27,0,106802
Q,0,0,0,64
月亮之眼,0,0,0,33
