罗宋探案：僵尸,8.8,315,0.00,34863
罪恶的枷锁 Ⅰ,8.8,315,2.99,56395
再见恩格斯,9.2,354,0.00,20442
无妄之灾,8.8,506,3.99,135426
阳光洒肩头,9.6,184,0.00,32807
古董珍珑劫,9.4,41,0,75031
杀人连环计：一场惊世骇俗的谋杀,9.2,602,0,1591233
雾云山杀人事件,7.4,22,0.00,3014
飞蛾之刃,9.0,1193,0.00,229374
匿影者,8.6,30,0.00,5726
罪恶的枷锁 Ⅱ,9.0,274,0.00,29883
江湖探案系列之：金狮镖局案,7.8,22,0.00,1886
谜踪记,8.0,89,0.98,0.98,6358
春树秋霜,9.2,51,3.99,10698
不速之客,9.0,435,2.99,58729
走向大海,0,0,0.00,457
第十三天（上）,9.2,4082,0,339389
儒隐 之 敦煌密码,8.8,45,0,20177
麦克白效应（修订版）,8.8,37,0.00,20426
罪恶的枷锁 Ⅲ,9.4,263,0.00,43996
我脑海中的她,0,0,0.00,483
一窟鬼,8.8,800,1.99,105007
窥,8.2,221,1.99,33821
血鸟谜案,7.6,19,0,4555
关东志怪,8.6,377,0.99,0.99,192403
离奇的失踪,7.4,15,0.00,1724
夜色无边,7.8,191,0.00,8125
罗宋探案：白月光,8.8,459,1.99,102824
盲村,9.2,384,3.99,55348
禁酒令,8.0,15,0,10635
鲤鱼与壁虎,8.6,173,3.99,33922
暖气,8.2,1539,4.99,506186
罗宋探案：谜尸（修订版）,8.6,539,1.99,87542
罗宋探案：疯猫,9.0,416,1.99,41579
雪人幻想,9.0,227,2.99,30341
末路狂花,8.6,615,3.99,175262
慈恩寺谜案,7.6,15,0.00,1737
心意相通,8.8,224,3.99,68329
白色玉兰花,9.0,417,0.00,121713
黑暗的平方,8.6,329,2.99,54184
第十三天（中）,9.0,1976,2.99,138956
楼上的声音,8.4,1078,1.99,93251
黑暗的立方,8.8,256,2.99,54585
流萤·卜问,9.2,164,1.99,1.99,24864
蓝带儿,8.6,22,1.99,1541
黑暗的n次方,8.6,281,2.99,62257
恶魔之窖,8.4,307,1.99,22602
梁家兴教授探案集,9.2,383,0,1129366
我，嫌疑犯,8.4,670,0.00,115103
博尔赫斯探案Ⅲ：丹麦王子之谜,7.4,21,0.00,1988
刺杀警察局长,7.2,44,0.00,1912
情热,9.0,111,2.99,23363
校园枪击案策划指南,8.6,3100,1.99,175967
被偷走的人生,9.0,116,4.99,37467
黑河杀手,8.2,493,1.99,53870
古籍残案之我是文物修复师（完整版）,0,0,0.00,5423
第十三天（下）,9.2,2513,2.99,102007
我因羞怯而杀人,8.6,481,1.99,87616
蛾变,8.6,128,0.00,33040
神秘岭（完整版）,9.2,791,4.99,4.99,339472
镇痛记,7.6,503,1.99,87747
写作课,7.6,249,1.99,24963
虚空之犬,8.4,36,1.99,5648
锡箔纸（中）,0,0,0.99,0.99,1719
八生门,6.4,28,2.99,2150
107国道连环杀手,9.2,250,1.99,32624
神秘岭（一）,9.2,150,2.99,25480
暴风雪夜的独行者,8.0,76,0.00,17371
婊儿子,10.0,38,0,177720
南天门外没神仙,6.8,12,1.99,1629
被迫回忆,8.2,61,0.00,10956
无限恐怖,7.4,87,0,125946
孤岛模式,7.6,36,0.00,2833
镜子,8.8,25,3.99,4830
沧浪,8.8,36,0.00,5205
古镇笔记,7.2,23,1.99,2760
荒野时间和其他故事,8.6,50,1.99,4708
锦衣卫传奇,8.2,100,0,30040
至少还有你,9.4,198,0,1553873
锡箔纸（上）,8.4,45,0.99,0.99,10973
鬼海灵船,8.0,1101,1.99,65328
无限恐怖（二）,8.8,44,0,70880
不可能的正义,7.6,557,1.99,50551
自杀俱乐部,8.0,46,1.99,9184
失落的兰若寺,5.0,25,1.99,3499
鲁迅遗嘱,8.6,198,4.99,98531
无妆,7.4,31,0.00,5010
神秘岭（三）,9.4,141,2.99,12401
南疆异闻录,0,0,0,1732
陆离神秘事件簿,6.2,63,3.99,3825
最后一击,9.0,41,2.99,3152
无限恐怖,7.4,95,2.99,2.99,27142
上钩,8.0,277,1.99,15518
过垂虹,0,0,1.99,1074
废城：蜂击,0,0,0.00,54
沼中之鱼,9.2,72,1.99,11203
骗子,8.2,364,1.99,52257
无限恐怖（二）,7.2,19,2.99,2.99,1453
杀人犬（特别修订版）,8.6,71,3.99,14899
麦克白效应,8.6,420,5.99,210581
神秘岭（二）,9.4,119,2.99,14645
模仿大师,7.2,23,1.99,2885
双水村往事,0,0,0.00,5
没有虫子的房间,9.2,95,1.99,7666
齐谐今语,9.8,91,0,1060927
斧头男,8.6,26,3.99,5646
我该如何爱你,7.2,13,0.99,2347
失眠者,9.2,134,0,263078
博尔赫斯探案Ⅱ：伦敦幽灵之谜,8.0,55,1.99,4776
圆圈（中英双语）,7.8,348,0,26865
杀戮游戏 / 开往地狱的天堂号,9.0,40,0,192977
遗产,9.0,314,7.99,60150
RemembeR,7.8,33,0.00,8386
噪音,7.2,211,0.00,7725
乞丐和妓女,8.6,673,1.99,90017
心之刑,7.6,39,1.99,8061
夏日审判,7.4,28,1.99,945
疯狂的假钞,7.8,43,1.98,1.98,3247
你的所有秘密我都知道,8.4,355,1.99,42365
9号侦查馆,8.0,22,0.00,11823
悬赏,0,0,0.10,0.10,439
周公馆疑案,7.8,18,0.00,7105
506号房,9.0,240,4.99,70455
奉天范城隍,0,0,0,7603
宇宙狗,9.0,39,2.99,7053
七个奇案,7.6,24,3.99,9789
去年夏天和你在一起的女孩是谁,8.0,21,1.99,2588
想做宠物的女人,7.0,32,0.00,2936
龙楼镇,8.0,48,5.99,8798
桐花落尽,0,0,0,96
边村,8.6,63,1.99,4244
独木成林,7.8,414,1.99,23929
阿霞,7.8,66,4.99,26977
次元骑士,0,0,0.00,738
非花旧闻,9.4,113,0,37010
叶之花,7.8,192,1.99,59916
叫魂,7.6,29,2.99,6173
青衣,6.8,162,0,6287
火星移民购票指南,6.4,1009,1.99,59820
其实没有路,8.2,261,1.99,14564
长老,8.0,24,3.99,7463
灌木走廊,7.8,212,2.99,32086
第六夜,4.8,29,0,1401
一百种死法,8.8,44,2.99,13957
日记：我杀死的那个男青年是谁？,0,0,1.99,634
无边的黑雾（上）,8.2,12,4.99,1767
费可的晚宴,9.0,180,1.99,22432
亡命之徒,7.8,113,1.99,2973
暗房,7.8,182,0,9215
MOTHER,0,0,1.99,747
雾锁霾城,8.0,12,2.99,4945
无尽使命,8.6,16,1.99,2334
禁酒令,7.2,31,1.99,3858
锡箔纸（连载）,9.6,27,0,125740
重返金瓶梅乐园,7.8,151,2.99,63974
江湖四公子之神剑妖刀,9.4,36,3.99,23430
自白,7.2,124,0.00,3356
千岛谋杀,8.8,45,0,57584
迷城七凶,7.6,138,3.99,11591
九道口,7.4,88,1.99,12246
死局,0,0,1.99,137
摩托车追杀记,0,0,2.99,640
重人之神秘村落,0,0,3.99,3054
寻凶,8.4,16,1.99,2704
遗忘,9.0,34,9.99,17009
虚构的真实,8.4,79,1.99,5616
云溪庄园,7.0,163,1.99,5445
山海手札,8.8,18,4.99,8271
刺秦,7.4,38,1.99,3997
蛇踪谜案,7.4,21,1.99,3088
深夜电台——一些悬疑惊悚灵异的小故事,7.0,15,0,8310
雷打雪,7.0,17,2.99,3057
寂静的冬日,7.6,188,1.99,10567
梦境密码,8.2,60,1.99,3026
不焚,0,0,1.99,1229
野牛比尔,6.4,54,1.99,1011
巴别塔之祸,7.2,12,1.99,1021
捞尸,8.0,11,0,17689
绞刑架,7.4,33,2.99,2770
无边的黑雾（中）,0,0,3.99,1158
甘露,8.0,175,3.99,64625
战尸鬼,7.8,95,1.99,12902
灰渡,7.8,224,1.99,32549
天谴的谋杀,7.0,45,0.00,2970
消失的女孩,7.8,25,0.99,1665
地下铁与局外人,8.6,136,1.99,14015
我遇见过一个死在夏天的女孩,7.2,54,1.99,1969
附近的人,8.0,187,1.99,6043
她为什么不会说话,8.0,17,4.99,8841
女大学生遇害事件,8.2,49,1.99,5109
四季,8.0,279,0,35396
特别调查员,7.6,13,1.99,1230
马戏团命案,0,0,0.00,1038
苍县杀人事件,7.0,17,1.99,1945
唤醒,8.0,127,3.99,50919
盗墓风波,0,0,1.99,278
别无选择,7.4,67,1.99,1588
黑暗中的时间指针,0,0,2.99,1526
出狱,5.8,41,1.99,956
橘子情人,6.2,49,1.99,861
空皮囊,9.4,44,0,49156
审判者,7.8,13,1.99,756
我在美国经历的恐怖故事,6.6,61,2.99,8880
《国家之子》：基石协议,8.2,14,0,2944
保姆,0,0,1.99,248
活见鬼,9.2,69,6.99,29372
致命婚礼,8.8,20,0,33550
窒息,7.8,16,4.99,1203
拯救心肝胃肺肾,8.4,28,0.99,1584
月半旅行箱,7.4,154,1.99,5751
怀柔印象咖啡馆,7.0,52,0.99,3707
亲爱的斯德哥尔摩,6.8,143,1.99,3412
龙之国,7.4,14,0.99,1301
爱恨是可以接力的活计,7.2,151,0,3869
林川悬疑档案之猫冢,0,0,0,333
让我靠近你,7.6,58,1.99,1596
因为下雪的关系,0,0,3.99,4975
此时此刻,0,0,2.99,1766
幻觉之山,7.2,11,0.99,417
红裙子,7.0,34,1.99,2711
落日晚餐,0,0,0,158
瑟瑟萧萧,0,0,1.00,1.00,1670
一个十八线小明星死后,7.8,36,1.99,1897
朝内81号,6.4,17,9.99,6112
卡西莫多的眼泪,7.0,12,1.99,1593
守卫晨光,0,0,1.99,81
被囚禁的人,0,0,1.99,224
雏菊,7.2,21,1.99,1229
五人寝室,7.0,86,1.99,2840
巨婴图,8.8,36,1.99,4307
傻子杀人事件,0,0,1.99,352
这不是一部爱情小说,6.8,29,1.99,4380
失眠症,8.4,74,0.99,4066
鬼,7.6,64,0,9551
女孩们在那年夏天干了什么,7.2,412,1.99,57424
黑鸟,8.2,96,1.99,12184
猥亵,6.6,407,1.99,26246
秋祭,6.4,176,1.99,3885
花煞,0,0,0,6158
出云之月,7.4,52,1.99,1214
以飘之名,0,0,0.00,1993
猫婴杀人事件,0,0,3.99,563
兄弟,0,0,1.99,758
暗香,0,0,0,2616
刑警双枪,0,0,0,48505
救赎,0,0,1.99,551
艳遇迷踪,6.4,62,1.00,1.00,1133
连环套,7.4,131,1.99,4531
神探慕容,0,0,1.99,504
警察故事,6.0,108,1.99,2082
翡翠谷,7.8,30,1.99,1017
妈妈是我妈妈，但那个人不是我爸爸,7.0,71,1.99,6361
蚁王,0,0,1.99,697
不老方,8.0,15,1.99,2510
大众浴室,8.4,23,2.99,4380
少年杀,7.8,70,1.99,2606
真探,7.4,29,3.99,6219
橘和枳,8.4,51,1.99,1843
第三极,8.8,17,1.99,4803
西斯空计划,7.6,88,1.99,6646
无名四部曲,0,0,1.99,601
觉醒 1：黑石疑云,0,0,0.00,1048
肉虫三部曲,8.0,18,2.99,2105
上海敌人,8.8,61,2.99,9421
蔑法者,7.0,23,1.99,3035
凶宅笔记,7.6,15,2.99,4272
红色旋涡,7.2,11,1.99,451
生活百态《X档案》,0,0,0,178
杀人狂的故事,8.0,77,2.99,4845
第四类凶手,0,0,0,121
妈妈的犯罪,0,0,1.99,682
生活在别处,0,0,1.99,1322
阿斯那笃黑,8.4,45,0,8467
逍遥法外,7.0,141,1.99,4129
我和文森特的情人,6.8,164,1.99,6542
幻觉互助小组,8.2,23,1.99,1132
黄金生死劫,6.0,86,1.98,1.98,5797
肉体买卖,0,0,1.99,479
消失的爱人,0,0,1.99,909
摇晃的木偶,0,0,1.99,687
阴阳台,0,0,1.99,458
寻经劫,0,0,5.99,1464
温柔的掌印,7.6,34,4.99,11341
冲不上的云霄,7.4,11,0.00,1792
黑暗中的猛兽,0,0,1.99,72
陈年大桥坍塌事件始末,8.2,17,1.99,2567
我的葬礼,7.4,278,1.99,12357
唐奕的盒子,0,0,0.99,66
爱情契约,7.4,95,1.99,3719
幻影,7.4,125,1.99,3654
万圣夜之恶灵,0,0,1.99,161
种树人,0,0,1.99,97
宿命是一只兔子主动滑向一杆猎枪,7.4,13,1.99,1791
吉木乃投河之谜,0,0,0.00,776
虎迫岭,7.0,70,1.99,2380
昨夜星辰,7.2,158,1.99,9445
环岛迷雾,7.6,114,1.99,22133
林川悬疑档案之戏梦,0,0,0,2853
复仇的戒指,0,0,1.99,413
海底龙踪,7.2,237,1.99,6602
迷城凶案,7.6,125,4.99,11575
镜头,7.2,96,1.99,5396
仇敌,0,0,2.99,857
老实人,7.6,14,1.99,1564
困·局,7.6,62,1.99,2178
失落症,0,0,1.99,1282
龙尾镇,6.2,89,1.99,2195
我在九岁那年杀了一个人,5.8,163,1.99,3886
303号病房,8.0,61,1.99,1958
血旗袍Ⅰ：蚀骨迷情,0,0,2.99,3693
真实游戏,6.4,232,1.99,5050
怜悯,6.8,190,1.99,7041
空杯,6.4,216,1.99,23685
清末奇案,0,0,0,1354
腐败之心（上）,7.8,17,3.99,6274
死亡摄影师,0,0,1.99,282
银背刽子手,0,0,1.99,811
死亡小说,0,0,0,18
我就是药神,8.2,20,1.99,1318
金风玉露一相逢,6.6,65,1.99,1245
江湖探案系列之：金狮镖局案,0,0,0,852
豆蔻结,7.4,72,1.99,2099
龙泉山上的守墓人,0,0,2.99,455
宝蓝色的秘密,0,0,1.99,328
白骨岛的夜·雨·雾〈一〉,0,0,2.99,521
谁杀死了维尼,0,0,0,151
消失的弗兰克,0,0,2.99,995
为之何迟,8.0,16,1.99,484
国王万岁,0,0,5.99,318
一封匿名信引发的追寻,5.0,80,0.10,0.10,3971
比限,7.4,195,1.99,4864
长夜,7.2,16,1.99,3108
冥蝶,0,0,1.99,298
唯利是图,6.6,91,1.99,2303
雕像城,0,0,1.99,319
脸孔的尊严,0,0,2.99,200
无名街道,5.4,73,1.99,2002
夜话,5.6,35,1.99,1358
红蟹岛,0,0,2.99,1244
纹理,5.6,53,1.99,1062
重庆面馆,7.0,168,1.99,4187
犯罪画像,0,0,0.99,1108
五人行,0,0,1.99,816
樟子镇,7.4,118,1.99,2096
床下有人,7.4,45,1.99,6941
爱丁堡火车站谋杀案,0,0,0,50
杀死我孩子的人,7.8,89,1.99,3937
撕裂,8.0,224,0,17811
刀客,7.0,124,1.99,3386
楼上,5.2,103,1.99,1945
遥夜吟,7.8,390,1.99,16256
球形恐惧症,0,0,1.99,265
孙庄异闻录,0,0,4.99,1895
基础楼怪谭,0,0,0.99,78
花灯祭,6.6,33,1.99,1812
傀儡,6.4,52,0,6117
送终,0,0,1.99,112
采诗官左雀传·幻戏奇案,0,0,0,4074
谁是安德烈,7.4,11,1.99,1288
古籍残案之我是文物修复师,7.6,50,0,208108
山鲁佐德,6.0,151,1.99,2496
三只小鸟,7.2,34,1.99,4857
尤比克之夏,0,0,4.99,2464
深渊,7.2,13,1.99,1448
红蓝蚀,0,0,1.99,141
偶遇,7.0,261,1.99,6858
10·7,8.2,27,4.99,9769
时间穿越之谜,0,0,0,523
消失的妻子,7.4,23,0.99,867
来稿,0,0,1.99,128
隐在树下的匕首,0,0,1.99,145
长生锁,8.0,60,1.99,3921
寻枪,0,0,1.99,197
厦大异闻录二：芙蓉水鬼,6.4,12,1.99,3532
不寐之夜：三则怪谈,7.0,20,1.99,837
慈母山教堂,0,0,4.99,323
那天晚上，你和谁在一起？,7.4,43,0.99,1879
无边的黑雾 （第三册）,0,0,3.99,1170
谁杀了那个老混蛋,7.8,87,0,18867
巴黎女子图鉴,0,0,0,2
少女失踪之谜,7.4,239,1.99,5854
蝗虫侦探症候群,0,0,1.99,166
拜托，快来抓我,7.0,12,1.99,1121
神木·鬼树,7.6,168,1.99,5114
君子国,8.2,11,0,3972
梦想世界,0,0,1.99,554
人间蒸发,7.0,21,0.99,875
狗仔,0,0,1.99,600
勒索者,0,0,0,3256
成年死亡,7.2,11,0.99,1673
替死鬼,7.0,12,3.99,2264
七寸,7.8,109,2.99,34294
最后的中国佬,8.2,26,6.99,3887
谁在逼我离婚,4.4,57,1.99,959
2071,0,0,1.99,1034
鬼火灵童,0,0,0.99,437
鼠人,0,0,0,1264
海城绑架案,5.8,54,1.99,995
流放岛日志,0,0,4.99,775
沧海遗粟,0,0,1.99,309
那些年的秘密,0,0,1.99,487
第六个女病人 ,7.8,21,1.99,1014
陌生人日记本,0,0,0.99,338
梦行者,7.8,25,2.99,1028
明星范可芸的病理学报告,7.6,99,0,6275
寻找死刑犯莽克的一生,7.6,11,0.99,270
楼兰破奴记,7.2,133,1.99,5403
逍遥游,6.0,84,1.99,2863
负我,0,0,1.99,885
带血的言情小说,0,0,2.99,380
杀死悲剧,6.2,72,1.99,1113
一次谋杀,0,0,0.99,193
曙暮杀手,7.4,60,1.99,1783
沙皇的间谍,0,0,5.99,62
暗雨,0,0,1.99,1282
歹徒列传,6.6,110,1.99,2209
巨人的来信,0,0,0.99,149
魔女,0,0,1.99,329
单人电影,7.4,15,1.99,560
除夕夜荒踪,6.4,65,1.99,2190
爷爷的奇妙物语,0,0,1.99,526
陌生女人的礼物,0,0,1.99,1547
穷途,6.8,107,1.99,4528
爱人永逝,8.0,38,1.99,2425
狐步,8.8,37,4.99,2881
坠,0,0,1.99,320
每个人都有秘密,0,0,1.99,181
年华似凶,0,0,1.99,199
李哲的夏天,0,0,1.99,72
笔录,7.4,64,0,2306
癌村,0,0,1.99,316
AUV440,8.2,165,0,8415
网球集训杀人事件,7.0,19,1.99,2626
爱上百万的女人们,0,0,1.99,71
宿舍,0,0,1.99,210
爱情与阴谋,0,0,1.99,189
坠星志,7.8,17,4.99,2234
同谋,0,0,1.99,137
不野岛的证人,0,0,0,472
湘西精怪故事集,8.0,33,0,289671
寻找贾墨菲,7.8,236,1.99,24354
炉火,6.6,112,1.99,2321
东方列车与谋杀案,5.2,60,1.99,2060
异响（上）,0,0,4.99,272
狱卒,0,0,3.99,446
保家仙传奇,7.6,14,0,2569
蓝焰之村,6.8,12,0.99,523
山岭诡秘,0,0,0,1230
寻找刘文娟,8.2,35,1.99,2286
803研究所：复活,8.8,14,1.99,1381
虚无之人,0,0,0,23
狼人传说,0,0,1.99,867
鬼迷心窍,0,0,1.99,771
共犯,6.2,59,1.99,1059
鬼话连篇,6.0,49,1.99,1231
我是警察,5.8,20,1.99,1244
镜月湖综合征,0,0,1.99,2082
青蛙,7.0,55,1.99,2280
雪咒,0,0,2.99,135
禁闭之昼,7.8,13,1.99,626
马尔克斯的子弹,5.4,50,1.99,2184
无意义的旅行,6.4,58,1.99,1160
少年催眠师,5.2,36,1.99,961
一分钟破案·推理游戏,6.8,12,0,20168
南方往事,0,0,0,2480
一个杀手的入行作品,7.0,73,1.99,3565
克兰多的肯维,0,0,4.99,1523
大道,5.8,112,1.99,3276
硬化,5.8,113,1.99,3036
鬼楼迷云,0,0,1.99,216
狐狸游戏,0,0,1.99,225
私奔后遗症,6.0,155,1.99,4449
洪水,0,0,1.99,733
美丽的尸体,6.4,16,1.99,1137
两起车祸,0,0,1.99,322
从零开始,0,0,1.99,1990
失联的冠军,6.6,40,1.99,895
惊蛰,7.2,17,0.99,1545
流浪之王,7.6,21,1.99,1474
酒馆关门之前,0,0,0.99,1034
2022网络空间历险,0,0,1.99,335
杀人不难,7.2,14,1.99,1946
在最深的恐惧里相遇,6.8,155,1.99,3025
摇滚歌星之死,7.4,397,1.99,26643
可疑的房客,0,0,0,68
末日重置,0,0,1.99,170
荒原,0,0,1.99,558
失踪,6.6,130,1.99,4237
阿措,0,0,0.99,193
个人重塑史,7.2,186,1.99,14868
借天煞,0,0,2.99,1595
兰溪怪谈,6.6,31,1.99,3366
直觉,0,0,1.99,409
征文截稿日,0,0,1.99,986
书记的囚车,0,0,1.99,529
豪宅风水三日行,6.4,63,1.99,2160
失踪,0,0,1.99,156
杜光明寻塔,0,0,1.99,135
恶之花,0,0,1.99,379
意识觉醒,7.2,69,1.99,2212
食人鱼,0,0,1.99,1117
女生宿舍的笔仙,6.8,370,1.99,37259
彩虹城 Rainbow Village,0,0,0,7174
水潭,0,0,0,66
荒岛手记,0,0,0.99,731
天鹅湖,8.2,17,0,56080
精神病医生,7.4,186,0,14209
向心探案日记,0,0,0,32
不能进的房间,0,0,1.99,205
厦大异闻录,6.6,34,1.99,4755
第三天,8.0,45,1.99,8379
六扇门,8.8,305,0,1004484
回忆和他的朋友们,7.4,11,1.99,974
日光,6.2,129,1.99,2383
锦衣卫之夺山记,6.6,65,1.99,1901
爱的九条命,0,0,1.99,56
唐川镜,0,0,1.99,1038
风暴中心,0,0,0.99,79
身份,0,0,0,1295
轮胎,8.0,66,1.99,11704
应许之地,0,0,1.99,209
隐藏,0,0,1.99,211
沙琪玛,7.2,286,1.99,23146
穿越楼兰,0,0,0,5469
奉城往事Ⅱ,8.2,38,1.99,4318
抓住他,0,0,1.99,123
醒来,7.2,208,1.99,6310
2046,0,0,1.99,567
青阳归,7.6,302,1.99,24100
公元1994年的夏天,6.6,43,1.99,809
刀尖之上,0,0,1.99,83
妖术,7.6,12,0.99,869
故事应在最精彩的时候结束,6.6,198,1.99,10384
野营,6.8,17,0.99,2805
第一桶金,0,0,1.99,317
盛开的鸢尾花之伊甸园之花,7.2,20,2.99,864
蝼蚁之死,0,0,1.99,212
天使拉结尔之书,0,0,1.99,800
两个混蛋,0,0,1.99,127
上海三联,0,0,1.99,1149
推迟的二十五分钟,0,0,1.99,83
最佳监狱,0,0,1.99,73
疑路追凶,0,0,2.99,2345
编号76,0,0,0.99,295
黑暗的尽头，请留步,0,0,1.99,94
讹谶,8.4,58,2.99,3476
秘密,7.0,19,1.99,298
窥视者的悲剧,0,0,1.99,166
阴谋论故事（外一篇）,7.6,19,1.99,1234
八卦迷宫,0,0,1.99,1255
成人犯,0,0,1.99,638
逆流而上：考古奇缘,0,0,1.99,1025
蚁穴,7.2,39,1.99,821
数字杀人游戏,0,0,1.99,823
好久不见,0,0,1.99,244
刺花以冬,0,0,0.99,480
群星之末前传·六朝案,0,0,1.99,395
东方食人花,0,0,0.99,214
孑孓者,0,0,1.99,278
伊甸,0,0,1.99,38
动物聚会,0,0,1.99,194
夜色,0,0,2.99,1709
炉石旅馆杀人事件,0,0,0,624
谁是真凶,0,0,1.99,424
凶劫,0,0,1.99,199
南方,7.8,34,1.99,3116
学术工厂,6.0,127,1.99,3157
绝命笔记,0,0,0.10,0.10,348
恶念,6.4,45,1.99,1095
午夜的电台里都在播些什么？,0,0,0,2212
影子杀手,0,0,1.99,1414
出鬼,7.2,17,1.99,1419
一小时，一天，一年,0,0,1.99,119
恶魔的夙愿,0,0,1.99,110
雨的守望,0,0,0.99,144
夜雨惊魂,6.6,91,0,5301
平安街有人被杀,6.2,47,1.99,1396
门,7.0,73,1.99,1769
都市卧底,0,0,0.99,258
追凶,7.4,20,2.99,4234
心结,0,0,0.99,0.99,1578
暗夜谜凶,7.4,14,1.99,189
仙人掌的阴影面积-日常微悬疑系列短篇,0,0,0,123
整蛊游戏,0,0,3.99,307
听雨阁-桃夭篇,0,0,0,6
阴晴不定,0,0,0,39
连环杀手炼成记,0,0,0.99,1160
迷失之拳,0,0,1.99,588
沉睡的人总在梦里醒着,7.0,13,0.00,417
神断宋慈之太学疑案,6.8,16,1.99,310
第二次自杀,4.0,39,1.99,901
英雄,0,0,1.99,181
意外,0,0,1.99,116
老宅,6.4,13,0.99,1086
女朋友的男朋友,0,0,1.99,488
情人节次日的出轨调查,7.8,36,0.99,2579
杀手熊猫,7.8,16,0.99,695
夜车,0,0,0.99,661
凌晨三点到达,7.4,11,1.99,732
无情剑,0,0,1.99,558
在秋天里出逃,0,0,1.99,10
孩子的哭声,5.8,54,1.99,1207
人类的救赎镜,0,0,4.99,1063
怪笑面具,7.0,253,1.99,15567
一场虚无中的病,6.6,56,1.99,1201
再生,0,0,1.99,1337
法尔城序曲,0,0,1.99,773
旧船灯,7.6,11,1.99,1799
阳仔独家/恐怖惊悚奇幻合集/绝对精彩,0,0,0,101
被噩梦缠绕的女人,0,0,1.99,94
健身房谋杀案,0,0,0,340
FIND,0,0,1.99,91
幻旅,0,0,0,14
白江夜雪,6.8,13,0.99,928
最后的女王,0,0,1.99,304
无脸,0,0,0,16
死因荒谬,0,0,0,17
手机,7.2,121,0,14184
热病科,0,0,0,134
假如一切可以重来,0,0,0,338
过去的水塘,5.2,62,1.99,3146
本性难移,0,0,1.99,55
一把出卖的枪,7.0,151,1.99,3720
三月三三,0,0,0,104
中奖之后,6.2,134,1.99,4737
我的朋友是私家侦探,0,0,0,2
蛇咒,0,0,2.99,133
无限人间失箸人 -《人民的名义》高育良同人,0,0,0,426
月寂,0,0,4.99,995
边城疑云,8.8,118,0,196242
意外杀人事件始末,8.4,340,0,152880
众生之死,8.4,437,1.99,31738
首尔午夜追逐的脚步,0,0,0,15860
荒芜里电影院,7.4,384,1.99,23555
阳世奸雄,0,0,0,366
致没有力量的我,0,0,0,3
空之桥,7.8,36,1.99,1712
德古拉；吸血鬼伯爵,0,0,0,1
发财之路,0,0,1.99,213
告别与被告别,0,0,0,3096
失眠,0,0,1.99,638
人心黑洞,7.2,26,0.99,1221
僧门案,0,0,0,88
戒心,0,0,0,35
狩猎,7.0,18,1.99,2468
病,0,0,0.99,348
公园湖,5.6,41,1.99,739
剧作家的书桌,0,0,1.37,242
动物园,6.8,11,1.99,831
一切重来,7.4,17,1.99,1375
日光之下,5.4,60,1.99,1041
垃圾桶里也有春天,0,0,2.99,214
看啊，那座遗迹,0,0,1.99,164
暗金,6.6,45,1.99,1224
曼陀罗,7.6,11,3.99,3001
校园灵异传说杀人事件,7.4,70,0,63774
浮华背后,0,0,1.99,139
幽冥天坑惊魂记,5.8,107,1.99,2458
不幸存者,0,0,1.99,45
侦相,0,0,1.99,51
蔷薇令,7.2,20,1.99,1410
铁·炎·王,0,0,1.99,26
海豚宾馆,0,0,1.99,702
十年,0,0,1.99,571
真相,6.6,43,1.99,1653
往生,7.6,41,4.99,8624
神圣杰克要玩耍,0,0,1.99,491
断偶,7.6,13,1.99,1041
向阳而生,0,0,1.99,194
赴死,0,0,1.99,179
医怨,0,0,1.99,189
对峙,0,0,1.99,421
确认者,7.0,265,1.99,11970
K先生之死,0,0,1.99,590
公主坟,6.4,42,1.99,4359
最后一场赌博,0,0,1.99,376
奇迹度假酒店,0,0,1.99,354
南方·北方,6.4,119,1.99,2253
南梦客栈,8.2,33,0.99,2044
妒意,0,0,1.99,268
毒锋,7.4,17,4.99,30520
燃烧,0,0,1.99,344
谋杀,0,0,1.99,1026
我欲为谁,0,0,3.99,858
史书不会记载龙,7.6,37,1.99,1343
永劫回归,0,0,1.99,123
时间的长度,0,0,1.99,1357
杀熟,7.4,16,1.99,1038
相片里的哭泣,7.0,21,1.99,949
两面人,6.6,12,0.99,1057
抑郁症患者,7.6,46,0.99,3500
窥视,0,0,1.99,228
血色鬼婴,0,0,3.99,454
四分之一手记,0,0,4.99,686
无尽的噩梦,0,0,5.99,1130
旧船灯2,0,0,1.99,103
恶念背后,0,0,1.99,316
山鬼：不归雁,7.2,176,1.99,20406
逃生,0,0,1.99,303
寻人启事,0,0,1.99,190
厨子的秘密,0,0,1.99,377
杨柳·青蛙·龙,0,0,1.99,106
偷车贼,7.2,12,0.99,521
地下室,6.6,31,1.99,3457
伊甸园劫案,0,0,1.99,80
足危,0,0,1.99,49
宁静的山谷,5.8,40,0,2879
惩罚我,0,0,1.99,219
女仆之死,5.0,58,1.99,1013
苦酒难咽,0,0,1.99,328
追凶纪,0,0,1.99,683
剥离的叶子,7.0,13,0.99,511
给爸爸的礼物,6.2,130,1.99,3231
鸢尾花的故事,0,0,1.99,190
宫城,0,0,1.99,387
双生,0,0,1.99,420
古孜浪尔,0,0,0,51
线性几何,0,0,0,3
周末悬疑酒馆,8.2,52,0,33847
凤岗里袭击,0,0,1.99,326
悬念,0,0,0,19216
物语终焉,0,0,2.99,1630
代号鬼影,0,0,0,33
极地魅影,0,0,1.99,769
四重罪,7.8,61,1.99,8339
我驱魔捉鬼的那些年,0,0,0,229
魔鬼爵士,0,0,1.99,254
重生之影,0,0,1.99,285
生与死的人生,0,0,1.99,270
无情游,0,0,0,168
意外,7.4,15,1.99,667
谍雾迷城,0,0,0,70
追踪委托人,0,0,0,59
桃花沟,0,0,0,1071
江波微澜,0,0,0,45
余烬,0,0,1.99,347
雪山,0,0,0.99,69
寻龙脉,0,0,0,10973
儿子是个陷阱,0,0,1.99,402
真实故事改编计划——斧与锤（商河杀人案）,0,0,0,373
偷窥者的阴谋,7.0,12,1.99,1058
恋人二对一,0,0,0,96
灵魂独白,6.0,79,1.99,3664
蛾窟惊魂记,0,0,0,298
中产阶级邻居,0,0,1.99,472
理智与激恋,0,0,1.99,80
诡梦录之鬼话连篇,0,0,0,3163
追凶,6.8,20,0,21268
异志录,0,0,0,121
青岩镇,5.6,45,1.99,948
民安街188号,5.4,36,1.99,917
旧街事,7.4,12,1.99,992
打往天堂的手机,0,0,1.99,158
幸福药方,9.0,117,0,255555
陆地海洋,7.4,102,1.99,1307
阜春中学公厕惨案,0,0,0.99,126
死亡谋杀,6.6,56,1.99,1503
雷霆出击,0,0,1.99,781
风华绝代,0,0,0,14
荒岛疑云,0,0,1.99,210
须弥幻镜,0,0,1.99,486
你何时归来,0,0,1.99,324
不正经脱口秀,0,0,0,400
这个杀手她很暖,7.4,26,1.99,2008
同学会,0,0,1.99,178
爱与恨,0,0,1.99,102
无人应答,0,0,1.99,965
遗书,7.4,37,1.99,2289
杀人鸡,7.4,26,1.99,1140
焦土计划,7.8,12,2.99,1541
那年，我们青春的记忆,0,0,1.99,116
神秘录,6.6,25,0,68435
四个男人,0,0,0,1329
死亡旅馆,0,0,2.99,734
血蔷薇,8.4,22,2.99,3992
七月十四之 修罗转世,7.2,14,0,1842
路遇,0,0,1.99,985
人间失灵,0,0,0,633
民间灵异录,6.8,38,0,53074
中空地带的爱情,7.2,16,1.99,1145
迷城凶案（修订版）,0,0,1.00,1.00,648
烟火人间,0,0,0,31
裸体婴儿,0,0,1.99,1222
无头女尸的尖叫,0,0,1.99,240
RC午夜噩梦析,0,0,1.99,1049
好吧，未来,7.2,13,1.99,449
猫遇,0,0,0.99,306
七个木头小人,7.2,19,1.99,1289
出轨疑云,4.8,56,1.99,1379
开错时间的樱花,0,0,1.99,97
南方有飘瓦,0,0,1.99,598
心理咨询师 ,0,0,1.99,215
孤儿 ,0,0,1.99,1161
恐怖缘,0,0,3.99,1049
暗号,6.4,59,1.99,1129
则左偏右,0,0,1.99,140
幸子的项链,6.8,11,1.99,648
嘘，这是个秘密,0,0,1.99,73
小说家,7.2,32,0.99,788
榨汁时代,0,0,1.99,125
雨夜里的凶灵,6.8,15,0.99,495
遗弃,0,0,1.99,456
雨雾天鹅堡,6.4,53,1.99,1490
年,6.2,119,1.99,2442
补课,6.8,16,0.99,1914
涅,8.6,51,1.99,3308
金子班杀人事件,6.0,61,1.99,1228
住家贼,0,0,1.99,609
消失的爱人,0,0,1.99,249
赶尸匠,0,0,3.99,961
神的树妖,0,0,1.99,95
旋涡,0,0,1.99,124
第二面,6.8,11,0.99,848
废城,6.6,290,1.99,18205
第十三只空碗,0,0,1.99,53
我已在人间炼狱里,7.2,14,1.99,837
逝者如生,5.8,46,1.99,971
墓前的红玫瑰,0,0,1.99,237
螃蟹干死在棋局中,7.0,14,1.99,999
四月囚鸟,7.8,14,1.99,2518
城市猎人,0,0,1.00,1.00,236
蜀汉英雄,6.8,14,1.99,1834
裸露,8.0,26,1.99,935
你的身体是个仙境（梦马篇）,7.0,21,0,2243
镜子中的梦魇,0,0,0.99,303
再见乌子园,0,0,1.99,625
涅,8.6,51,1.99,3308
悬疑杂响,0,0,0.99,410
紫阳花男与蜡烛女,5.6,86,1.99,2611
黑名单,0,0,1.99,146
蝼蚁,0,0,1.99,211
通往地球的洞,0,0,0.99,183
叠,4.6,48,1.99,781
寻找少女玄遥,7.2,17,1.99,469
第三十三封信,0,0,1.99,292
殇歌乱,7.6,30,10.99,2857
阳光下的罪恶,7.2,67,1.99,3245
回家的路,0,0,1.99,605
跳跃的阳台,0,0,1.99,160
我还是我！,6.8,76,1.99,3311
寻找蝴蝶的夜晚,0,0,1.99,675
逝者之刺,0,0,1.99,129
傅拉失踪分析报告,0,0,1.99,168
猫态幽灵,0,0,1.99,172
双命石,0,0,1.99,282
梅纹长颈花瓶,8.0,14,1.99,654
红白记事,6.4,114,1.99,4047
无言的结局,7.4,11,1.99,795
冰城谜金,0,0,1.99,32
西角的湿与霾,0,0,1.99,288
眠,7.2,125,1.99,3429
同学会七十二小时,7.2,14,1.99,416
耽溺二手家具的女人,6.2,68,1.99,1574
诸神之惑：天问,6.2,160,1.99,7348
悬棺寻宝,0,0,1.99,124
通古斯河畔的金百合,0,0,2.99,104
带蝴蝶刺绣的喇叭裤,0,0,1.99,48
青龙河边的绑架,0,0,1.99,102
恶性水鬼,8.0,42,1.99,1640
可有可无,0,0,1.99,235
镜子中的梦魇,0,0,0.99,303
数据迷城,5.2,57,1.99,1384
医生手记,0,0,0,649
脑控少女,0,0,0,2985
驱鬼,6.6,22,1.99,982
林中巨船,7.2,254,1.99,16749
棕榈街少年杀人事件,0,0,1.99,579
影子的记忆,0,0,1.99,147
蛇男,0,0,1.99,82
是谁撒了谎？,6.6,12,0,4406
无名书,0,0,0,98
无边的黑雾(第四册）吞噬,0,0,0,5689
端午,0,0,1.99,318
古墓狂蚁,6.2,18,0.99,1675
7命,0,0,1.99,288
我不是疯子,0,0,0,134
江湖四公子之神剑妖刀,7.8,12,0,8965
冰箱里的舅舅,6.2,14,1.99,1148
九日,0,0,1.99,192
三维作家,0,0,1.99,200
沧浪,0,0,0,174
幻象,7.2,18,1.99,1248
记忆的恩赐,0,0,0,1010
K的死亡事件,0,0,0,213
星际漂流瓶,0,0,0,66
鸢尾本纪,7.2,11,0,826
女萨满的时空,0,0,0,189
原点卷宗,0,0,0,355
雾岛怪谈,0,0,0,247
屌丝修仙行,0,0,0,35
K的死亡事件,0,0,0,213
栖凤图,0,0,0,66
入殓师,0,0,0,69
人间怪谈因缘集,0,0,0,51
诗·爱情和暴徒,0,0,0,44
星际漂流瓶,0,0,0,66
群,0,0,0,142
虾的时空,0,0,0,41
记忆的恩赐,0,0,0,1010
入殓师,0,0,0,69
诗·爱情和暴徒,0,0,0,44
星际漂流瓶,0,0,0,66
K的死亡事件,0,0,0,213
片童,0,0,0,21
栖凤图,0,0,0,66
人间怪谈因缘集,0,0,0,51
成都僵尸,0,0,0,17668
群,0,0,0,142
残酷童话,0,0,0,29
命运之桥,0,0,0,9
6.00,9688118071481077673818897
1.99,644751484946554
虾的时空,0,0,0,41
在你的尸体上跳舞,0,0,0,12068
100人的犯罪现场,0,0,0,468
围炉野话,0,0,0,428
无边的黑雾(第一册）,8.0,36,0,48288
过去心不可有之西域神剑,0,0,0,16
练习,0,0,0,9
残酷的蜕变,0,0,0,808
桃花小铺,0,0,0,11
方元,0,0,0,18
视灵,0,0,0,4
探宝奇兵之寻找蜀国最后的宝藏,0,0,0,71
困惑的陈先生和七重境界,0,0,0,12
千丝万缕,0,0,0,693
都市短篇悬疑系列,0,0,0,113
一个人的日常冒险,0,0,0,179
开到荼靡,0,0,0,9
玻璃会说话,0,0,0,12
谁还带着赴的因为,0,0,0,349
破 诡,0,0,0,25
不再此继续更新,0,0,0,119
天公地道,0,0,0,1479
跟踪者,0,0,0,19
十月故事,0,0,0,31
兰舟志怪记,0,0,0,35
神都魊妖记,0,0,0,138
夜半琴音,0,0,0,23
流剑映雪,0,0,0,178
开到荼靡,0,0,0,9
谁还带着赴的因为,0,0,0,349
破 诡,0,0,0,25
神都魊妖记,0,0,0,138
开到荼靡,0,0,0,9
流剑映雪,0,0,0,178
谁还带着赴的因为,0,0,0,349
布谷鸟的独白,0,0,0,10
破 诡,0,0,0,25
2000个秘密,0,0,0,117
液化,0,0,0,283
九阴刹体,0,0,0,12
【惊悚】月寂人静系列之寂静乐园,0,0,0,81
福茉思与华笙,0,0,0,173
大明推官,0,0,0,18
唐门III,0,0,0,17
半载咒,0,0,0,5
4号公寓,0,0,0,261
来自阴间的新娘,0,0,0,107
归宗,0,0,0,2477
易经密码,0,0,0,24
2000个秘密,0,0,0,117
液化,0,0,0,283
易经密码,0,0,0,24
【惊悚】月寂人静系列之寂静乐园,0,0,0,81
大明推官,0,0,0,18
唐门III,0,0,0,17
烈火青春,0,0,0,16
半载咒,0,0,0,5
4号公寓,0,0,0,261
来自阴间的新娘,0,0,0,107
金之迷城,0,0,0,689
归宗,0,0,0,2477
福茉思与华笙,0,0,0,173
窒息,0,0,0,1498
回环,0,0,0,7
三幕论,0,0,0,37
孤单堡垒,0,0,0,84
布谷鸟的独白,0,0,0,10
夏天的秘密（原名：毕业季的秘密）,0,0,0,94
暂时停留,0,0,0,89
《伥》,0,0,0,1098
海岛迷城,7.4,24,0,3967
证明,0,0,0,216
骨刺成品稿,0,0,0,406
牙痕,0,0,0,808
离厄镜,0,0,0,69
婚礼历险记,0,0,1.99,168
遇见爱情的我们,0,0,0,119
麻雀备攻,0,0,0,120
山海录之黄荆老林,0,0,0,1761
概率问题,6.6,176,1.99,5256
蓬莱,0,0,0,541
梦魇,0,0,0,5157
川斋巷子,0,0,0,644
吴必生的故事,0,0,0,33
蓝色的鸟,0,0,0,1679
非命,0,0,0,2170
荼毒,0,0,0,160
阴阳界怪谈,0,0,0,72
牙痕,0,0,0,808
《伥》,0,0,0,1098
荼毒,0,0,0,160
海岛迷城,7.4,24,0,3967
证明,0,0,0,216
遇见爱情的我们,0,0,0,119
梦魇,0,0,0,5157
阴阳界怪谈,0,0,0,72
抢劫珠宝店,6.4,92,1.99,3924
概率问题,6.6,176,1.99,5256
蓬莱,0,0,0,541
麻雀备攻,0,0,0,120
人间噩梦,0,0,0,5167
蓝色的鸟,0,0,0,1679
暂时停留,0,0,0,89
子夜谭,0,0,0,49748
非命,0,0,0,2170
失窃的记忆,0,0,0,1483
山海录之黄荆老林,0,0,0,1761
都市奇异录,0,0,0,13006
劲风往事,0,0,0,26
眼睛或一假期的死亡,0,0,2.99,351
影子天使,0,0,0,6515
孤单堡垒,0,0,0,84
杀手,0,0,0,230
我若成殇,0,0,0,2064
人皮鼓,0,0,1.99,219
白领巾少年,0,0,0,429
1.99,169454439373736323333
动物嘉年华,0,0,0,189
城市超验事件行记1：永生者事件,0,0,0,845
妄想少女,0,0,0,387
灰色之门,0,0,0,97
302号房间,0,0,0.99,0.99,269
无间奈落,0,0,0,309
撰纸,0,0,0,1529
境外犯罪调查处,0,0,0,323
漫画家之死,0,0,0,385
虚构的恋人,0,0,0,549
树城,0,0,0,71
大唐余韵,0,0,0,76
探灵小分队,0,0,0,86
强迫世界,0,0,0,345
超人国,0,0,0,51
情书神隐,0,0,0,19
逃离,0,0,0,27
纽伦克之六梦阁,0,0,0,10714
马文的德国世界,0,0,0,7
鬼话山,0,0,0,2664
入室盗窃,0,0,0,213
双面魔,0,0,0,23
囹圄,0,0,0,218
绘之章,0,0,0,90
无间奈落,0,0,0,309
撰纸,0,0,0,1529
境外犯罪调查处,0,0,0,323
虚构的恋人,0,0,0,549
树城,0,0,0,71
大唐余韵,0,0,0,76
探灵小分队,0,0,0,86
强迫世界,0,0,0,345
超人国,0,0,0,51
绘之章,0,0,0,90
逃离,0,0,0,27
纽伦克之六梦阁,0,0,0,10714
马文的德国世界,0,0,0,7
情书神隐,0,0,0,19
忏悔,0,0,0,95
入室盗窃,0,0,0,213
双面魔,0,0,0,23
囹圄,0,0,0,218
魅梦,0,0,0,49
执着者,0,0,0,15
渔夫怪谈,0,0,0,292
幽灵船,0,0,0,27
社工部,0,0,0,12
我的舍友是女装大佬,0,0,0,64
《碰触》,0,0,0,17
盗墓：涅槃之轮回,0,0,0,79
《寻妖记》,0,0,0,73
可怜生在帝王家,0,0,0,32
危机——谁是杀人凶手,0,0,0,1235
饮雪•桃花春水里,0,0,0,32
我想嫁个有钱人,0,0,0,37
九死一杀,0,0,0,161
玄幻小说毁了我的朋友之沧济市的堂吉诃德,0,0,0,22
第九节车厢,0,0,0,52
十九级风暴,0,0,0,377
青草滩疑云,0,0,0,15
凤梨罐头元年,0,0,0,82
折纸,0,0,0,48
狐城名猎,0,0,0,8
灵魂契约：孤独之殇,0,0,0,453
毒姬,0,0,0,17
王非雪从不开口说话,0,0,0,36
星光下的暗影,0,0,0,76
《小山蝇历险记》(作者；易显寒),0,0,0,134
生命管理局,0,0,0,96
次元行者,0,0,0,130
谁催眠了这个世界,0,0,0,17
死者的推理,0,0,0,695
王文故事集,0,0,0,109
危机——谁是杀人凶手,0,0,0,1235
《极地猎人》,0,0,0,295
宇宙催眠师 第三章 苏醒之州,0,0,0,91
盛开的鸢尾花之国家的崛起,0,0,0,31
毒姬,0,0,0,17
《净化论》,0,0,0,81
学院异志录,0,0,0,6928
30414714340343026343026
紫雾,0,0,0,33
王非雪从不开口说话,0,0,0,36
夜行集,0,0,0,44
虫尸,0,0,0,2292
夏娃与亚当,0,0,0,22
爱比死更冷,0,0,0,2618
《极地猎人》,0,0,0,295
宇宙催眠师 第三章 苏醒之州,0,0,0,91
盛开的鸢尾花之国家的崛起,0,0,0,31
毒姬,0,0,0,17
《净化论》,0,0,0,81
灵魂契约：孤独之殇,0,0,0,453
紫雾,0,0,0,33
王非雪从不开口说话,0,0,0,36
夜行集,0,0,0,44
夏娃与亚当,0,0,0,22
同学戮,0,0,0,1765
永不瞑目的头颅,0,0,0,958
人间漂流记之现在,0,0,0,612
明见万里,0,0,0,39
自杀备忘录,0,0,0,450
鱼缸,0,0,0,260
人民复印资料,0,0,0,120
风波,0,0,1.99,62
平淡间,0,0,0,5
没有人给他写信的阿昌,7.8,19,1.99,1629
如何变成妖,0,0,0,109
秋天来了我们就欢娱而死,0,0,0,1073
机器灰尘,0,0,0,44
猎物惊奇,0,0,0,275
四号死亡事件簿,0,0,0,146
枫话连篇,0,0,0,100
半兵卫与茉莉（下）,0,0,0,19138
玉玲珑,0,0,0,85
无处安放的眼睛,0,0,0,72
摩罗后裔。荒域幻城,0,0,0,140
魔幻小镇之追凶,0,0,0,41
安魂曲,0,0,0,174
生死轮神通传：血洞,0,0,0,185
6小时杀人游戏,0,0,0,16
写在掌心里的预言,0,0,0,38035
狐形屋之监狱卷,0,0,0,21
《杀死那只圣鹿》,0,0,0,59
一个白日梦患者的奇异废柴人生,0,0,0,73
魔,0,0,0,18
脑洞进化指南,0,0,0,20
白少,0,0,0,85
火木童子,0,0,0,296
莫里哀的悲鸣,0,0,0,11
生死轮神通传：血洞,0,0,0,185
魔幻小镇之追凶,0,0,0,41
安魂曲,0,0,0,174
生死轮神通传：血洞,0,0,0,185
恶之海,0,0,0,224
再见多巴胺,0,0,0,599
吴警官系列,0,0,0,45
声埋,0,0,0,93
海吃了男孩,0,0,0,11
如何变成妖,0,0,0,109
百字故事奇谈,0,0,0,125
机器灰尘,0,0,0,44
猎物,0,0,0,256
风波,0,0,1.99,62
摩罗后裔。荒域幻城,0,0,0,140
枫话连篇,0,0,0,100
钉子户,0,0,0,129
一只特立独行的蛙,0,0,0,46
等你死了來我店裡喝杯咖啡,0,0,0,34
103宿舍：丧尸入侵回忆录,0,0,0,88
无处安放的眼睛,0,0,0,72
人间漂流记之现在,0,0,0,612
恶之海,0,0,0,224
海吃了男孩,0,0,0,11
吴警官系列,0,0,0,45
声埋,0,0,0,93
猎物,0,0,0,256
就在下一个路口,0,0,0,64
钉子户,0,0,0,129
听来的那些故事,0,0,0,88
百字故事奇谈,0,0,0,125
滴滴保镖,0,0,0,24
异响（下）,0,0,4.99,44
追故事的人,0,0,1.99,360
再见多巴胺,0,0,0,599
一只特立独行的蛙,0,0,0,46
等你死了來我店裡喝杯咖啡,0,0,0,34
103宿舍：丧尸入侵回忆录,0,0,0,88
今天，我成了一个鬼,0,0,0,41
灵异研究所系列,0,0,0,43
小树林谜案,0,0,0,31
黄金眼,0,0,0,21
解谜者之误判,0,0,0,114
人之间——短篇故事集,0,0,0,103
植物人之旅,0,0,0,34
拯救柳然,0,0,0,138
破碎的旋律,0,0,0,362
丙戌年七月半,0,0,0,33
镖门诡事之会说话的骨灰坛子,0,0,0,277
巡夜书——BX计划三部曲,0,0,0,4350
1.00,786754525712258131862
绑架背后的深渊,0,0,0,60
诡故事不是鬼故事,0,0,0,291
凶病,0,0,0,84
十年有期,0,0,0,270
亲戚,0,0,0,11
绑架游戏,0,0,0,28
荒野鬼事,0,0,0,167
NBI推理游戏·死亡笔记,0,0,0,282
深渊世界,0,0,0,56
Mr.特斯拉的助手不高兴,0,0,0,215
皇甫王帅的亲身经历1,0,0,0,9
蓐女之潜,0,0,0,460
秀逗嘛,0,0,0,77
城市怪谈,0,0,0,1473
青铃记,0,0,0,39
孙悟空捉妖记,0,0,0,126
化蝶,0,0,0,341
梦·游记,0,0,0,19
夜色2：狩夜人,0,0,0,115
失衡,0,0,0,4042
思想劫难,0,0,0,9
冷冬,0,0,0,209
失魂,0,0,0,195
《完形世界——视角演绎录》 哲学幻想小说,0,0,0,42
铃星孤煞,7.8,12,1.99,1725
RC午夜噩梦析（下部）,0,0,0,137
时光偷渡人,0,0,0,10
归途月光,0,0,0,125
怪物,0,0,0,45
天堂不会下雪,0,0,0,424
梅花镇，一座存在于画卷里的鬼镇,0,0,0,185
失魂,0,0,0,28
集异花环,0,0,0,17
乡村诡异故事集,0,0,0,2453
年月荒唐,0,0,0,120
温柔的惩罚,0,0,0,51
心锁,0,0,0,153
下昼,0,0,0,22
D侦探社,0,0,0,101
梅花镇，一座存在于画卷里的鬼镇,0,0,0,185
失魂,0,0,0,28
集异花环,0,0,0,17
乡村诡异故事集,0,0,0,2453
年月荒唐,0,0,0,120
温柔的惩罚,0,0,0,51
心锁,0,0,0,153
下昼,0,0,0,22
D侦探社,0,0,0,101
半兵卫与茉莉,0,0,0,339688
没有星期一的男人,0,0,0,210
鬼差记事节选,0,0,0,191
犀牛之死,0,0,0,1034
死神面具,0,0,0,730
城市孤儿,0,0,0,449
暗徒,0,0,0,2219
乌兰巴托惊魂记,0,0,0,1042
夜幕下的黎明,0,0,0,2864
快乐的马驹,0,0,0,188
追梦党,0,0,0,1982
古怪集,0,0,0,42
6.99,1472419202212662020
遗忘,0,0,0,10230
不完美谋杀案,0,0,0,2869
向死而生,0,0,1.99,917
罪爱之都,0,0,0,255
金田一同人推理小说,0,0,0,76
瑞秋悬疑短篇小说集,0,0,0,136
“惊悚夜”酒馆,0,0,0,47
女巫童话,0,0,0,34
索菲娅,0,0,0,40
月光,0,0,0,70
《镜子》,0,0,0,7
案情在继续,0,0,0,1273
滁州案,0,0,0,325
重生,0,0,0,92
零九,0,0,0,10
游魂记,0,0,0,117
呛椒干探 II,0,0,0,322
夜行者,0,0,0,188
校园侦探,0,0,0,94
乌鸦嘴家族,0,0,0,61
孤岛长城杀人事件,0,0,0,1865
中奖者,0,0,0,754
翡翠经手人,0,0,0,23
月踪I：白夜与月光国度,7.4,18,0,3817
半兵卫与茉莉,0,0,0,339688
《相思禅》,0,0,0,129
没有星期一的男人,0,0,0,210
鬼差记事节选,0,0,0,191
死神面具,0,0,0,730
城市孤儿,0,0,0,449
遗忘,0,0,0,10230
乌兰巴托惊魂记,0,0,0,1042
6.99,1472419202212662020
快乐的马驹,0,0,0,188
向死而生,0,0,1.99,917
某小说,0,0,0,351
追梦党,0,0,0,1982
半兵卫与茉莉,0,0,0,339688
《相思禅》,0,0,0,129
鬼差记事节选,0,0,0,191
死神面具,0,0,0,730
城市孤儿,0,0,0,449
遗忘,0,0,0,10230
乌兰巴托惊魂记,0,0,0,1042
6.99,1472419202212662020
快乐的马驹,0,0,0,188
向死而生,0,0,1.99,917
某小说,0,0,0,351
追梦党,0,0,0,1982
灯塔怪谈,6.6,15,1.99,462
无名故事,7.6,25,0,7430
普兰塔琪纳特之匣,7.4,156,0,734
黑色故事,0,0,0,956
蛊案迷踪,0,0,0,4197
不知者，有罪,0,0,0,361
十三弦,0,0,0,273
恶门,0,0,0,762
夜深千帐灯,7.6,16,0,1371
6.99,1921128770157612139554
遗忘天国,0,0,0,281
古银杏,0,0,0,510
人.鬼.兽,0,0,0,3429
梅花戏,0,0,0,2079
《暗巷》,0,0,0,1151
想当初年少赴江湖,0,0,0,56
七千字侦探,0,0,0,10840
6.99,39728425430230620171316
星月之泪,0,0,0,103
自序书,0,0,0,55
他们与她,0,0,0,3495
如何做出世界上最伟大的烤肉,0,0,0,248
夜色,0,0,0,5539
消失的黑天鹅,0,0,1.99,189
是谁在夏天疯掉,0,0,0,29
觉醒,0,0,0,25
乡尸,0,0,0,101
我变成了谁,0,0,0,1920
蛊案迷踪,0,0,0,4197
雾锁河渡,0,0,1.99,33
在繁星熄灭的街道,0,0,0,555
三百性事,0,0,0,104
冷血世界,0,0,0,137
荒庵墓影,0,0,0,88
秋蓝,0,0,0,11
那些鬼神之事教会我们的道理,0,0,0,17
伪灵异故事集,0,0,0,181
正当防卫同好会,0,0,0,47
【惊悚】月寂人静系列之窥。视,0,0,0,84
英雄出山,0,0,0,1225
众生黑相,0,0,0,118
怪圈死城,0,0,0,48
新一千零一夜,0,0,0,195
寻凶,0,0,0,1681
暗黑维度,7.6,12,0,12942
夜雾昙花,0,0,0,262
正当防卫同好会,0,0,0,47
【惊悚】月寂人静系列之窥。视,0,0,0,84
啤酒故事,0,0,0,56
死之谜,0,0,0,134
Transient ghost,0,0,0,50
杀意法则,0,0,0,535
意外的真相,0,0,0,2764
黑羽白沙,0,0,0,1315
尸城,0,0,0,34
善与恶,0,0,0,214
杀死那个好人,0,0,0,520
回生酒,6.6,232,0,10195
殺·路,0,0,0,2840
莫莫同学,0,0,0,565
芳芳的日记本,0,0,1.99,177
怪谈新语,0,0,0,5229
藏枪,0,0,0,301
罗坎库尔441,0,0,0,925
算命学原理,0,0,0,12300
极漠的式白寺,0,0,0,80
憋宝记,0,0,0,30
一封信的秘密,0,0,0,531
盲昼／七日歌,0,0,0,1348
鱼城,0,0,0,60
三个痞子传奇,0,0,0,218
剩女公寓,0,0,0,62
弈子明的悬聊集,0,0,0,32
狗猫鼠游戏,0,0,0,91
飞蛾之刃,0,0,0,337
犯罪者,0,0,0,422
缸中煮脑,0,0,0,670
看不见的同窗,0,0,0,3360
鱼城,0,0,0,60
三个痞子传奇,0,0,0,218
缸中煮脑,0,0,0,670
飞蛾之刃,0,0,0,337
死之谜,0,0,0,134
剩女公寓,0,0,0,62
一个人的孤岛,0,0,0,35
田林晓露,0,0,0,216
莫莫同学,0,0,0,565
犯罪者,0,0,0,422
弈子明的悬聊集,0,0,0,32
狗猫鼠游戏,0,0,0,91
尸城,0,0,0,34
憋宝记,0,0,0,30
罗坎库尔441,0,0,0,925
教师单人团,0,0,0,36
守望者,0,0,0,94
她在灵堂之上,0,0,0,20
民间诡事录,0,0,0,36
教师单人团,0,0,0,36
守望者,0,0,0,94
她在灵堂之上,0,0,0,20
民间诡事录,0,0,0,36
南粤往事,0,0,0,129
昭雪录,0,0,0,15
法医唐亮,0,0,0,25
鬼怪精灵,0,0,0,42
怪也,0,0,0,8
密孩,0,0,0,124
玉井村事,0,0,0,25
八重樱之乱,0,0,0,306
极速恐慌,0,0,0,20
坠入凡间,0,0,0,16
冤影：恐惧的艺术,0,0,0,337
南粤往事,0,0,0,129
昭雪录,0,0,0,15
法医唐亮,0,0,0,25
鬼怪精灵,0,0,0,42
怪也,0,0,0,8
怪也,0,0,0,8
惊梦觉,7.8,16,0,49880
下黄庄没有新闻,0,0,0,14
刀入鞘,0,0,0,2914
失控72小时,0,0,0,11899
那些梦呓,0,0,0,2959
探险日记之山海秘境,0,0,0,4354
睡莲,0,0,0,873
浮尸,0,0,1.99,171
你一定要相信春天,7.4,14,0,16242
误入霓虹深处,0,0,0,1996
北京千年蜥蛊,0,0,0,1184
怪书奇谭,0,0,0,923
平生逍遥,0,0,0,4
偃城纪,0,0,0,5266
暗,0,0,0,46
花房世界,0,0,0,15
逃离东京都,0,0,0,87
小黑鲸的二十七个幻想故事,0,0,0,110
短篇小说,0,0,0,209
我要死在江沪时代,0,0,0,961
葬衣,0,0,0,157
完美的犯罪,7.2,15,0,28831
偰文辛斯的秘密,0,0,0,4
陶笛,0,0,0,1637
白色玉兰花（连载版）,9.0,64,0,82722
乌衣巷,0,0,0,110
捕手：青囊书,0,0,0,752
风之子,0,0,0,134
杀死我,7.2,19,1.99,801
无边的黑雾（第二册）,0,0,0,18832
彼岸花开,0,0,0,145
《三小时对话》,0,0,0,2800
随风而逝,0,0,0,35
海雀,0,0,0,877
每日夜奇谈,0,0,0,476
末日狂想曲,0,0,0,77
夜间的康塔塔,0,0,0,13
花房世界,0,0,0,15
陶笛,0,0,0,1637
暗,0,0,0,46
短篇小说,0,0,0,209
我要死在江沪时代,0,0,0,961
完美的犯罪,7.2,15,0,28831
偰文辛斯的秘密,0,0,0,4
长着尾巴的者筱麦,0,0,0,1360
半神之证,0,0,0,120
乌衣巷,0,0,0,110
致命关系,0,0,0,2056
风之子,0,0,0,134
杀死我,7.2,19,1.99,801
彼岸花开,0,0,0,145
《三小时对话》,0,0,0,2800
随风而逝,0,0,0,35
海雀,0,0,0,877
每日夜奇谈,0,0,0,476
幸存者,0,0,0,438
捕手：青囊书,0,0,0,752
电子人,0,0,0,21
三打童话,0,0,0,148
奇形怪语,0,0,0,44
赫尔辛基的晨星,0,0,0,531
入藏,0,0,0,5
45034531329529829685857862
恶魔工坊,0,0,0,133
高原秘境,0,0,0,14164
怪物校园,0,0,0,866
小秘境,0,0,0,23
寂寞至死,0,0,0,8642
电子人,0,0,0,21
三打童话,0,0,0,148
奇形怪语,0,0,0,44
寄生,8.2,50,0,55526
入藏,0,0,0,5
白鼠病毒,0,0,0,226
吸血鬼事件,0,0,0,1011
350256211199206180183175170157
怪物校园,0,0,0,866
荒陆狂砂,0,0,0,6973
北京妖异志,0,0,0,18487
小秘境,0,0,0,23
异空感应,0,0,0,23
尘影1948,0,0,0,95
天网,0,0,0,159
无国籍,0,0,0,203
《上古灵石》回梦录,0,0,0,131
权力春药,0,0,0,5542
睡前故事,0,0,0,307
莫比乌斯,0,0,0,24
黑色童话,0,0,0,212
罪案谜踪前传：蝶甬杀人案,0,0,0,203
唐人街探案番外篇——Q的现身,0,0,0,313
《怪诞村》：土匪、军阀、村民究竟谁是戏精,0,0,0,32
毕业前,0,0,0,3932
最后一度灰,0,0,0,23
百鬼日行,0,0,0,51
淘汰集,0,0,0,98
异空感应,0,0,0,23
尘影1948,0,0,0,95
天网,0,0,0,159
无国籍,0,0,0,203
黑色童话,0,0,0,212
权力春药,0,0,0,5542
睡前故事,0,0,0,307
莫比乌斯,0,0,0,24
《上古灵石》回梦录,0,0,0,131
罪案谜踪前传：蝶甬杀人案,0,0,0,203
唐人街探案番外篇——Q的现身,0,0,0,313
《怪诞村》：土匪、军阀、村民究竟谁是戏精,0,0,0,32
毕业前,0,0,0,3932
最后一度灰,0,0,0,23
淘汰集,0,0,0,98
黑暗故事,0,0,0,59
十六夜的奇迹,0,0,0,178
《十点半的地铁 · 怪奇物语》,0,0,0,31
小灰短篇故事,0,0,0,48
穿丝绸的小丑和少女杀手的故事,0,0,0,88
水贼王牙港的脱力冒险,0,0,0,1096
黑暗系列·灵魂收藏家（上）,0,0,0,99
花心·之四 东都殢雪,0,0,0,109
没有所谓遗忘,0,0,0,18
七情六觉,0,0,0,62
是他杀了那个女孩,0,0,0,330
地球的五十五次毁灭,0,0,0,8
饕餮会馆,0,0,0,1546
怪奇记实录,0,0,0,146
鱼纹之泣,0,0,0,2014
脑颅中的多巴胺,0,0,0,815
阁楼密语,6.6,16,1.99,887
沉舟记,0,0,0,658
幽影夜行,0,0,1.99,104
共业招感,0,0,0,37
深夜灵堂,7.6,14,0,3404
超验爱,0,0,0,198
湄洲少年往事,0,0,0,524
6.99,146661346531344333
5.80,12312413953494844454342
TimeNote,0,0,0,1268
星空,0,0,1.99,100
我的三色世界,0,0,0,483
弃卒镖局,7.6,19,0,6870
2.99,54413430272625353
不定集,0,0,0,11
膝中之戒,0,0,0,340
饕餮会馆,0,0,0,1546
6.99,146661346531344333
鱼纹之泣,0,0,0,2014
脑颅中的多巴胺,0,0,0,815
阁楼密语,6.6,16,1.99,887
沉舟记,0,0,0,658
幽影夜行,0,0,1.99,104
TimeNote,0,0,0,1268
超验爱,0,0,0,198
湄洲少年往事,0,0,0,524
深夜灵堂,7.6,14,0,3404
5.80,12312413953494844454342
星空,0,0,1.99,100
我的三色世界,0,0,0,483
弃卒镖局,7.6,19,0,6870
2.99,54413430272625353
大明诏,0,0,0,6
判官,0,0,0,30
心里有诡,0,0,0,24
孤桐岭,0,0,0,62
月踪II：四国记,0,0,0,518
寻陵记,0,0,0,3156
黎明前的忏悔,0,0,0,2307
青林旧事,0,0,1.99,25
9.6,115,6.00,118331014999489865983898359785976397619753
被偷走的影子,6.8,16,0.99,718
归于尘土,0,0,0,404
迷雾,0,0,0,70
迷离契约,0,0,0,610
拘魂录,0,0,0,26769
白桦镇连续杀人事件,0,0,0,1590
丙戌年七月半,0,0,0,44
浮世惊奇,0,0,0,13810
捕捞记忆,0,0,0,14922
杀死九只猫,0,0,0,2489
殇歌乱I,7.4,27,0,106802
Q,0,0,0,64
月亮之眼,0,0,0,33
35920218253
心理有诡,0,0,0,15298
击杀,0,0,1.99,283
侠盗恩怨之追捕江湖疑犯,0,0,0,152
罪与恕,0,0,0,41
侠盗恩怨之追捕江湖疑犯,0,0,0,152
异国诡事,0,0,0,90
公孙诡秘,0,0,0,102
造梦工坊,0,0,0,141
静北，我早已不再是我,0,0,0,99
将换,0,0,0,2
9.6,115,6.00,118331014999489865983898359785976397619753
炽热,0,0,0,3
被偷走的影子,6.8,16,0.99,718
35920218253
肉桂庄园,0,0,0,103
迷离契约,0,0,0,610
拘魂录,0,0,0,26769
《九个人的仇》,0,0,0,13
海龟传奇,0,0,0,102
浮世惊奇,0,0,0,13810
诡怪故事集,0,0,0,247
元素魔法阵连续杀人事件,0,0,0,63
化作流星飞向你,0,0,0,3
心理有诡,0,0,0,15298
