梦醒时分,7.8,127,0,6389
Kalos' Odyssey,8.0,552,0,12072
诸神记,8.2,457,1.99,47369
少女春心图鉴,0,0,0.00,451
情绪过山车,7.8,59,1.99,2263
赤颜犬舍漫画,8.6,1124,2.99,32880
失忆症,8.0,369,0,9914
旁观因果,9.4,847,2.99,33667
地狱十八趣味图鉴,7.0,47,0.99,2089
宝石和木兰,9.0,491,1.99,12544
掘参,9.4,689,2.99,20777
狐小月与羊大森,9.0,145,1.99,3610
有画要说,7.8,13,1.99,1025
每天一顿家常饭 1,8.0,184,0,6742
陈山农,9.6,856,2.99,33773
伞之婚礼,8.4,18,1.99,715
狐小月与羊大森 2,9.0,108,1.99,1718
一个土肥圆男的画与哀愁（上）,0,0,0.00,289
大都会幻想故事二则,8.0,112,0.99,4304
喵，吾辈是猫,8.2,950,1.99,29136
消失的云彩,7.6,15,0.99,434
鱼,8.0,727,0,13709
渣男Chett启示录,6.2,27,0.99,2150
极品一家人,7.2,30,0.99,1529
乌鸦传说,0,0,0.99,575
焦虑的时候可以画画,8.4,83,0.99,5689
《重庆语文》满血复活版,8.6,34,2.99,3436
橘子,8.8,68,1.99,1406
潜水练习,8.0,288,0,6689
爱情这个谜,8.2,356,0.99,8716
致郁系女孩七比,8.4,26,2.99,1652
阿达和他完美的紫色玩具球,0,0,1.99,453
每天一顿家常饭 8,8.8,41,1.99,2432
梵米米图说咖啡：第一弹,8.4,214,0.99,6934
I wish,8.2,407,2.99,9851
角乐门物语,8.4,45,1.99,1442
我和我的北京,8.2,4580,0,104578
爷爷去雪国了,8.2,242,0,3664
波清波是一只鹅【五】,9.2,125,2.99,3544
波清波是一只鹅【一】,9.0,191,3.99,8495
大宇宙小凡间,8.8,177,0.99,4695
梵米米图说咖啡：第三弹,8.4,67,0.99,1517
向日葵都是瓜子脸,7.6,11,1.99,616
梵米米图说咖啡：第二弹,8.6,143,0.99,3455
波清波是一只鹅【三】,9.0,148,2.99,2885
不记就不记得的学校,8.8,1547,0,52661
廿五光阴能有几？,8.6,111,0.99,4091
茶余饭后,8.8,57,3.99,4915
因为我是水蓝色的,8.2,905,0.99,20888
Yoga,8.2,73,0.99,2048
每天一顿家常饭 4,8.6,80,0,4783
每天一顿家常饭 2,8.2,166,0,8293
灵魂漫画,8.2,533,0,20658
浮城绘,7.8,32,1.99,980
绝路双生,0,0,0.00,206
雉尾剧场1&2合集,7.8,14,1.99,620
微小时光,8.4,53,1.99,2837
一个人生活,8.0,195,1.99,17645
每天一顿家常饭 3,8.8,173,0,7512
叙事研究,8.4,41,1.99,2307
直到世界尽头,7.0,120,0.99,5030
波清波是一只鹅【四】,9.2,94,2.99,2034
NEVER ENDING,7.4,14,5.00,1507
DAYS OF BEING BLUE,8.0,28,0.99,1010
绘本人生：妈妈爸爸去哪儿啦,0,0,1.99,653
自拍时代,6.2,111,0,4888
音乐教室,8.2,380,0,5170
一个人好天气,7.6,468,0.99,12203
大大的世界小小的人儿,8.8,76,0,4052
陪老爸抗癌的日子,9.2,27,1.99,1554
波清波是一只鹅【二】,9.0,136,3.99,3954
Why Are You Crying,8.8,102,1.99,8023
美国一年做什么,8.0,23,1.99,2909
Do Not Leave Me Alone,7.8,181,1.99,11560
济良所 : 1901年上海雏妓首创中国古董娃娃品牌 ,8.0,20,1.99,1250
更加美好的味道,8.6,50,1.99,4642
老色魔,8.4,53,1.99,939
青石镇的老提辖,7.6,13,0.00,765
每天一顿家常饭 6,8.4,79,1.99,4612
诗人和小鸟,8.8,454,0.99,10952
做个小人真快活,0,0,1.99,334
宅在家的女孩,6.6,138,0.99,4182
黑老头,7.8,19,0.99,717
归家,8.6,289,0.99,5529
滚过来的野路小猴,7.0,23,0.99,1108
活在自己的世界,0,0,1.99,308
武汉地铁传说,7.4,14,1.99,756
夏日良梦,0,0,1.99,585
迷失着，追寻着,8.0,722,0,15560
甜蜜厨房,8.8,41,1.99,5038
投石,7.4,29,1.99,844
繁画似锦,0,0,0.99,527
汶川地震九周年,9.0,39,1.99,1019
时间都去哪儿了,0,0,0.99,981
旅行日记,8.8,296,1.99,14903
最好的时光,7.6,23,0.99,1142
寻,8.2,50,0.99,3063
多少往事,8.0,12,1.99,1204
妈妈是森林女王,7.4,21,0.99,1188
花若木,7.2,12,1.99,1463
我的101个女友,8.0,19,1.99,2297
糖炒小孩,8.0,16,0.99,1003
现世安好,9.4,38,1.99,5055
梅子酒之味,7.6,18,1.99,1047
生活在韩国,0,0,0,248
爱情住隔壁,8.0,59,1.99,2786
画&诗：艺术的痕迹,7.8,42,1.99,2976
负暄琐画,8.6,37,0.99,1817
胖春天,0,0,1.99,435
Be With You,8.4,69,1.99,2932
木目心,7.2,14,0.99,681
每天一顿家常饭 7,8.8,59,1.99,2876
闪存或者U盘里的人,7.0,16,1.99,735
Us Besides The Moon,8.2,30,1.99,1065
贝儿和会发光的鱼,7.4,42,1.99,873
茶余饭后·贰,7.8,33,1.99,3749
飞鸟的梦语,8.2,47,1.99,3394
四季的52个瞬间,7.4,12,1.99,1052
“80后”鲜妈育儿日志,7.2,100,0.99,5767
绘本人生：初出茅庐,0,0,1.99,701
“小把戏”系列四格第1辑,0,0,2.99,207
繁画似锦 贰,8.2,108,0.99,3091
鱼，是海中的水果,7.2,18,1.99,1192
电子猫和霹雳狗,8.0,25,1.99,1487
喵星人生活集,8.4,57,1.99,3858
线点点,0,0,1.99,342
姐姐说,7.4,28,0.99,1518
地衣之王,0,0,1.99,546
抑郁的观感,7.0,36,0.99,1891
绘本人生：国王与安心草,7.4,13,1.99,1179
北京，给俺一个活法,0,0,1.99,442
鬼马家族,8.4,31,0.99,1344
城市病人,7.6,29,1.99,3011
基本生活,0,0,1.99,301
手绘者旅行笔记,7.6,51,1.99,5583
童梦少女心,0,0,1.99,284
繁画似锦3,7.0,20,0.99,730
每天一顿家常饭 5,8.8,113,1.99,7687
“小把戏”系列四格第2辑,0,0,1.99,176
失恋手册,7.0,97,0.99,3798
楼上的月亮,8.6,53,0.99,2114
西藏行,6.8,33,1.99,2043
乐龄阿伯系列四格垂钓篇第1辑,0,0,2.99,139
亲爱的，你好吗？,0,0,0.99,858
绘本人生：我们这一代,7.2,20,1.99,591
天使鸡细来与魔怪阿对,0,0,1.99,85
无爱无城的你,0,0,1.99,520
因为我是水蓝色的Ⅱ,9.2,109,1.99,4305
慢先生Mr.Robot,7.2,27,1.99,1464
荷马竞技场一号,8.2,18,0.99,649
打开天窗说靓画,0,0,1.99,320
我的残酷物语,7.6,13,1.99,1129
蜃景,6.2,38,1.99,1548
繁画似锦2.5,8.0,33,1.99,1509
结巴小放,8.6,56,1.99,1201
鱼说,0,0,1.99,574
岁月的痕迹 二,7.4,15,0.99,1239
盛世绘本——无相漫画普通人的可爱生活,0,0,0,244
流浪,7.4,85,0.99,2137
嘻小孩的长不大星球,0,0,0,40
正能量联盟,0,0,0.99,305
“小把戏”系列四格第3辑,0,0,1.99,309
Swim,9.4,71,1.99,2448
Broken Language,8.4,130,1.99,6944
张小姐的孤独,0,0,1.99,367
绿先生,8.0,267,0.99,6266
我们一起逃跑吧！,6.8,74,1.99,1419
相伴四季,0,0,1.99,570
千锤万打铸成钢,0,0,1.99,469
柳,8.2,25,5.99,1188
我来了,6.6,25,0.99,1340
一个人的冬天,7.8,26,1.99,923
不说话的天窗,9.4,64,1.99,4086
事与愿违,0,0,0.99,105
岁月的痕迹 一,8.2,52,0.99,1656
夏夜萤桥,7.4,21,0.99,1661
皮尼斯的荒诞之旅,0,0,1.99,340
带我回家,8.6,70,2.99,1489
荷马竞技场四号,0,0,0.99,240
妈妈，请听我说,7.8,33,0.99,2687
完全不懂女友说什么,7.0,13,1.99,1745
汉字十万个为什么,0,0,0,43
Teich,8.2,42,1.99,962
失眠症,7.2,14,1.99,851
工蚁的秘密,7.2,16,0.99,408
“甜咪咪苦叽叽”系列四格第1辑,0,0,1.99,119
绘本人生：手绘心语,7.6,14,1.99,2003
种花园的飞鸟出走了,8.6,188,0.99,4388
荷马竞技场三号,7.6,13,0.99,479
壳里的诺亚,0,0,1.99,109
猎虾外传 二,0,0,0,383
教育漫画,0,0,0,441
倒牛奶,8.0,468,3.99,12305
隔壁的冒菜馆,0,0,1.99,548
回信一九九二,7.6,12,0.99,206
神经过简单的生活,0,0,1.99,333
很美很美的光,7.0,24,1.99,5133
四月是个残忍的月,0,0,0.99,548
有你们真好呀，亲！,0,0,0.99,283
MISSION FAILED,8.0,16,1.99,1127
驰骋的白驹,0,0,0,55
学生在上，米奇琳老师向右走。,0,0,0,17
iPad Painting 作品集 1,0,0,0.99,265
看一部韩剧换一个男友,7.6,11,0.99,964
高三日常,0,0,0,313
家庭主妇日常杂记,0,0,0,111
手绘与故事与生活,0,0,0,67
绘本人生：剩斗士,6.6,19,0.99,977
黑色漫画图文,0,0,0,25
红与黑,6.6,36,0.99,1739
时空旅者,8.0,33,0.99,1922
冬之湿原,8.4,68,0.99,2599
温柔的雨,7.2,66,1.99,1856
沐汐的碎碎念,0,0,0,58
CoCo小姐养成记,0,0,0,61
小鸡100day，系列少儿漫画,0,0,0,150
山谷的回响,8.2,26,1.99,1252
生活小爆炸,0,0,0,308
看漫画·做实验·学编程,0,0,0,115
九点,7.8,31,0.99,1025
小春笔记,0,0,0,124
关于我的一事无成,0,0,0,65
孤寂的沉思,0,0,1.99,432
花一丢丢时间，画一幅可爱的画,0,0,0,52
《春至芳菲春将尽》插图,0,0,0,547
优加兔的童话,0,0,0,1493
繁画似锦3.7,0,0,1.99,795
南卡の梦境,0,0,0,27
心想事成的要诀,0,0,0,365
绘本人生：主题系列2则,0,0,1.99,298
暴力娃,7.4,25,1.99,660
虞美人不开,0,0,0,116
乳鸽的家常料理,0,0,1.99,332
梦与灵魂的记事本,7.2,13,0.99,624
我的恋爱小说,0,0,0.99,797
《时光别走》,0,0,0,48
