舛命奇情查理王【中】,0,0,0.00,872
山河破碎,0,0,3.99,1807
南天门外没神仙,6.8,12,1.99,1631
舛命奇情查理王【下】,0,0,3.99,854
南华曲,9.8,127,0,273012
寻仙记 第一卷：大风起兮,0,0,0,1822
书剑长歌行之谁主沉浮,0,0,0.00,697
漫话宋朝,9.0,49,3.99,9351
山青卷白云：女翻译与王维,9.6,87,0,253231
故垒西边,8.2,31,4.99,9262
月娥,8.8,362,0,18334
恶土,8.6,592,1.99,48298
特务,8.0,44,1.99,1826
殇公主与铁面人,0,0,0.00,2435
明出地上,0,0,0.00,776
鲜卑绝歌,9.2,75,4.99,4.99,51893
舛命奇情查理王【上】,8.0,11,0.00,3307
深他妈的情啊,8.4,518,0.00,47729
天然声,8.6,62,4.99,7041
不一样的玄武门,0,0,1.99,346
水城弟兄,7.8,43,1.99,3539
Esperanto,9.0,41,1.99,3362
长安英雄传 Ⅰ,0,0,0.00,3102
酉州打庙记,9.0,23,1.99,4022
无边的黑雾（上）,8.2,12,4.99,1771
神隐春秋,8.8,44,0,192768
敖登的一生,8.4,104,1.99,4906
血腥爱情故事,7.8,128,0,9063
云裳月容传,8.6,28,3.99,6901
金墉城（第一部）,0,0,5.99,825
骑背上的风与寒光,8.0,13,2.99,1782
太液芙蓉,9.0,29,1.99,2577
另一半故事·贰,0,0,1.99,724
蟠龙镇,8.4,14,1.99,3509
武汉老街传奇,0,0,2.99,1874
契丹,0,0,1.99,202
盗之道,9.0,91,0.99,7604
莫如初,8.6,25,1.99,1429
只有清香似旧时,9.0,44,0,584333
无边的黑雾（中）,0,0,3.99,1158
杜氏铜芸,7.0,22,1.99,1130
长安谣,0,0,1.99,214
海上旧事,0,0,3.99,1809
拉则,0,0,2.99,733
夜阑静花未眠,8.8,131,0,42240
大会馆,9.8,40,2.99,3891
癌战,7.2,32,0,222811
沙赫静达,0,0,1.99,550
我的南唐,0,0,0.50,0.50,2359
采诗官左雀传·幻戏奇案,0,0,0,4419
徒然计,8.2,149,1.99,11664
野史笑翻天,0,0,1.99,1152
成皋神探,0,0,0.99,198
小人物,8.2,245,0,11478
南海之子,7.6,15,4.99,2713
太监独白,0,0,1.99,541
暴雨青竹,0,0,1.99,456
延禧外传,0,0,0,95
出罗马记（二）,0,0,0,1654
幽人往事,7.6,19,1.99,1023
星象王,0,0,2.99,591
查无此城,7.8,15,1.99,1398
消失的郭财神,0,0,0,231
布松寺,8.0,15,1.99,633
南唐美后,7.6,63,0,508633
蜀汉英雄,6.8,14,1.99,1834
蓝烟记,7.0,34,1.99,1193
出走的家族,8.0,22,1.99,904
玄奘,0,0,0.99,693
响马时代,0,0,1.99,1045
烟尘生,8.0,23,1.99,867
复兴楼的老板,7.4,70,0,5277
布衣宰相,7.6,37,1.99,2083
双子男袁崇焕的明末历险,0,0,1.99,864
碧海,7.8,20,1.99,1257
遗忠录,8.6,16,2.99,3500
只恨相逢未嫁时,7.0,22,3.99,3525
台儿庄爱情故事,0,0,2.99,437
风沙莽莽第一部,0,0,3.99,1696
乱世游子吟之红尘如梦,0,0,0,25
傀儡戏,0,0,1.99,911
1911年的枪,0,0,1.99,129
围城,8.0,21,0,287346
电闪雷鸣,0,0,1.99,523
小丑,7.4,21,1.99,881
穿越吧！风中的少年,0,0,0,16
新郑,7.4,11,1.99,839
大明秘事之建文遗踪,0,0,0,45
伊本·阿拉丁的第九个知名者,0,0,3.99,260
唐朝往事,0,0,1.99,425
烈士安吉的过去,0,0,5.99,362
战国之夺位记,7.2,24,1.99,1314
战争动物,0,0,2.99,500
潞河驿,0,0,6.99,311
四哥和他的小伙伴们,7.8,19,1.99,1223
海上佳人,0,0,0,904
众星动神 卷二,0,0,1.99,209
归去来兮,7.2,26,1.99,1442
出罗马记（三）,0,0,0,1080
山河故人,7.8,20,0,18651
南北朝风雷（2）,0,0,2.99,309
1998年的洪水,0,0,1.99,515
捕风,8.2,83,1.99,4714
牺牲,0,0,1.99,323
六旗风云录（上册）,7.4,25,0,8382
玉溪拼图,0,0,1.99,1182
保定屠夫,0,0,1.99,288
钓鱼城,8.0,13,1.99,1163
吟啸行,7.2,13,6.99,3245
南北朝风雷（1）,8.0,13,2.99,4722
仓颉造字,8.6,15,1.99,1570
1910 入侵英伦,0,0,5.99,435
三唐五代演义,7.4,15,0,73050
白塔寻印记,8.2,68,1.99,6918
玉歌声,0,0,1.99,303
云锦计,0,0,0.99,74
野史笑翻天Ⅱ,0,0,1.99,1190
帝国的崛起·第一卷,0,0,4.99,1613
空灯,7.6,18,1.99,1249
粟特王朝浮沉录,8.2,12,0,2126
潜龙勿用,7.2,12,1.99,971
恶果,0,0,4.99,675
穿越之颜顷,7.4,14,0,20706
左柱国,7.2,12,0,1603
吴侬软语,7.8,14,0,28141
正逢冬,0,0,0,27
体香恋,0,0,0,1348
神之翼,8.4,20,1.99,1954
枪口下的选择,0,0,0,11702
麒麟台·壹,0,0,6.99,2618
扬州孤儿,7.8,30,1.99,3504
北狩记（鸟部）,7.6,11,4.99,4150
春风又度玉门关,9.2,40,2.99,4721
伏兔,0,0,1.99,508
年年红药为谁生,0,0,0,10
囚禁于沙漠的明朝少年,7.4,16,4.99,4544
素花,9.6,30,1.99,1319
无边的黑雾 （第三册）,0,0,3.99,1170
古事记,0,0,0,3515
孔子私人学校,0,0,1.99,737
六旗风云录（下册）,7.4,21,0,3295
万水楼,0,0,1.99,120
《三皇绝》第一部,0,0,0,595
天子党,7.8,73,0,32400
伏生的忧虑,0,0,0,629
二月,8.4,474,1.99,25739
睥睨天下,0,0,0,910
碧落青霄引,0,0,0,4085
曹雪芹家族传奇,0,0,9.99,709
生死东吴,0,0,0.99,875
白玉,0,0,1.99,299
沂州笔记,0,0,1.99,229
殇歌乱,7.6,30,10.99,2859
听听古文大白话系列---儒林外史,0,0,0,5
东周君王传,0,0,0,131
战国无双,7.0,11,1.99,635
青州平乱,0,0,1.99,492
深藏在玉林,0,0,0.99,145
长安路,0,0,1.99,161
出罗马记（一）,7.4,19,0,2515
永不回头,0,0,5.99,941
妖劫,0,0,0,483
绍兴十年,0,0,4.99,832
我是刺客,0,0,1.99,768
春芽,0,0,1.99,172
花荣正传（下）,0,0,1.99,347
南北,0,0,0,15
1935,0,0,0.99,595
铜城旧事,0,0,3.99,3770
死于河畔,0,0,5.99,1026
黑色边境SchwarzeGrenzilini,0,0,0,66
龙珠奇缘,0,0,1.99,88
暗淡了刀光剑影,0,0,1.99,81
归来兮,0,0,0,4744
绝情三言,0,0,1.99,188
吴侬软语,6.4,15,3.99,7062
世无英雄,0,0,0,135
古孜浪尔,0,0,0,59
汉家三代,0,0,0,9469
龙椅,0,0,1.99,118
汉之西,0,0,0,25
谎言判罪场,7.0,80,0.99,3950
盛开的鸢尾花之国家的崛起,0,0,0,36
魂萦旧梦,0,0,0,164
苏京冬方双城记,0,0,1.99,291
西门庆的奋斗史：从破落户到国民老公,0,0,0,579
鹡鸰脊念珠,6.8,19,0,3387
浏阳镇,0,0,0,38
借书人,6.6,50,1.99,3666
民国旧事--红梅韵,0,0,0,75266
风沙莽莽第二部,0,0,4.99,364
谍雾迷城,0,0,0,70
扯虎皮,0,0,0,5020
招魂行-驭凤骖鹤,0,0,0,1379
从囚徒到天子,0,0,0,74
画堂望,0,0,0,12488
扬雄,0,0,0,215
老树,0,0,1.99,1409
青复传,0,0,0,782
南唐永宁公主,0,0,0,8397
昆仑刺客传,0,0,0,5546
山风抚云岚,0,0,4.99,815
无边的黑雾(第四册）吞噬,0,0,0,5993
历史红颜——原来你是这样的故事女人,0,0,0,1792
5.99,27214810590954467
观天,0,0,0,13
圣火耀万方,0,0,0,767
阿思阑传奇,0,0,1.99,891
子不语（卷一）,0,0,0,212
且向花间留晚照,0,0,0,263
宦海传灯录,0,0,0,1886
大理风云之六脉神剑,7.2,12,0,3309
当家大掌柜,0,0,0,478
楚望,0,0,1.99,480
不觉长安梦,0,0,0,2203
村庄,0,0,0,96
《窥梦》,0,0,0,3882
明堂朝华,0,0,0,372
阿三,0,0,0,83
大上海之梦幻魔都,0,0,0,5
草堂异录,0,0,0,30
天问九章,0,0,0,24
相思相见知何日,0,0,0,169
乱唐,0,0,0,88
抚平涟漪,0,0,0,230
蜀辈,0,0,0,1654
秋云无觅处,0,0,0,737
飘坠随尘土,0,0,0,77
末代帝王君,0,0,0,53
大明诏,0,0,0,6
时间,0,0,0,29
琅琊臺,0,0,0,257
囚鸟,0,0,0,14583
弈天下,0,0,0,1721
東山旧事录,0,0,0,176
唐门II,0,0,0,261
怪胎版三国演义（上册）,0,0,0,1133
苏幕遮,0,0,0,5349
廉蔺棋馆传,0,0,0,603
热腾腾的雪,0,0,0,528
失传已久的城,0,0,0,4456
泛希腊三国演义,0,0,0,2466
说书人游记,0,0,0,151
无边的黑雾(第三册）,0,0,0,14089
4.99,792711697680674674670677679678
山风抚云岚,0,0,0,618
莲花碗,0,0,0,50
双日帝国,0,0,0,652
元素,0,0,0,29
华山剑圣录,0,0,0,1276
新编三国演义,0,0,0,55
大明风月,0,0,0,2128
莽牯岭,0,0,0,5577
三逾墙,0,0,0,128
寂寞李固,0,0,1.99,45
梦醒黑土地,0,0,0,122
武林残页（注释版）,0,0,0,1807
故人叹,0,0,0,17
窥伺,0,0,1.99,119
雪地上的蚂蚁,0,0,1.99,252
4.99,142917473655962664741
明之影,0,0,0,452
孽海记,0,0,0,2005
贞观前夜,0,0,0,134
宋时英风录,0,0,0,128
朝歌往事,0,0,0,1308
裴得翡琅,0,0,0,7280
金刚如露,0,0,0,90
历史中的大人物，小人物,0,0,0,660
浊世野录,7.4,17,0,3923
武则天真传①,0,0,0,500
热寂西游会,0,0,0,495
梦魇,0,0,0,5159
最后的抵抗：龙之墓,0,0,0,35
和光乱,0,0,0,1244
花间旧时录,0,0,0,58
山人手帐*甲集,0,0,0,556
忠义榜,0,0,0,916
绝宠妖狐,0,0,0,14
半山传,0,0,0,1749
玉剑门,0,0,0,182
史蓝玉是谁,0,0,1.99,174
青木匣,7.4,12,1.99,354
守城,0,0,0,19
逝水东流,0,0,0,311
丰州仙考志,0,0,0,172
大金帝国小叙,0,0,0,193
在纳粹的心脏地带,0,0,0,31
神都，将开之荼蘼，浓夏锦纨扇，金梧桐井,0,0,0,63
潮汐不再来,0,0,0,4323
元首与我,0,0,0,27
融雪,0,0,1.99,106
越王无疆,0,0,0,486
天可汗：唐太宗李世民,0,0,0,499
九歌,0,0,1.99,118
大唐五代风雨情,0,0,0,40
大唐异闻杂谈,0,0,0,58
《仅见斯人》,0,0,0,29
进击的猛士,0,0,0,170
小亚细亚之鹰,0,0,0,16
狂狼乌力微,0,0,1.99,197
深宅大院,0,0,0,14
足球编年史,0,0,0,1810
奇葩古人,0,0,0,27
寒夜拾光,0,0,0,7
市舶小司,0,0,0,1632
大明推官,0,0,0,18
破灭——海陵王完颜亮的九维人生,0,0,0,1899
老北平缤纷录,0,0,0,21
鱼缸,0,0,0,33
台儿庄爱情故事,0,0,0,1365
大周诡案,0,0,0,106
上海一梦,0,0,0,31
神座,0,0,0,13
一径窅无涯,0,0,0,1767
去洛阳,0,0,0,104
弓·礼,0,0,0,1099
寒戟,0,0,0,3785
唐门I,7.4,42,0,84660
谁是你的神,0,0,0,226
倾月班,0,0,0,5379
易经密码,0,0,0,24
楚世无双,0,0,0,43
斯世众生,0,0,0,82
盛世烟云,0,0,0,5665
我生活在三个不同的年代,0,0,0,57
正德曰,0,0,0,446
辽东风云三部曲,0,0,0,97
闽国扬帆去,0,0,0,164
大唐海外行经记,0,0,0,578
2.00,135941766562665313
无处潜伏,0,0,1.99,97
相思局,0,0,0,184
殇歌乱I,7.4,27,0,106802
大词人秦观别传,0,0,0,18
唐朝幽怪,0,0,0,70
马三刀之死,0,0,0,5
骆狮,0,0,0,136
明出地上,0,0,0,615
张太虚的历史,0,0,0,48
楼兰王子,0,0,0,7
滴血的甘露,0,0,0,224
背负天山,0,0,0,81907
吴绝传,0,0,0,4221
霸春秋,0,0,0,15
政归司马氏,6.6,11,0.99,763
方壶园,0,0,0,3327
天地不仁,0,0,0,1176
子夜四时歌,0,0,0,28
浮生之劫,0,0,0,84
殷商之谜,0,0,0,10796
汉献王传奇,0,0,0,669
《乌龙闹官场之官混》,0,0,0,842
相思本是无凭语,0,0,0,33
卧龙恋,0,0,0,298
《凌云阁》,0,0,0,236
轮回劫之武王伐纣的真相,0,0,0,21
臆想元末,0,0,0,129
有一种爱叫永远跟随,0,0,0,109
妖刀系列之汉唐篇,0,0,0,223
大唐余韵,0,0,0,76
与子成悦,7.2,11,0,31919
赌徒,0,0,0,7239
男人婆穿越记,0,0,0,6997
长安蛊,0,0,0,924
无边的黑雾（第二册）,0,0,0,18987
良玉传,0,0,0,79
梦玉人引,0,0,0,825
土地,0,0,0,66
9.6,49,6.99,7029558653145204508550765057505450234984
骑背上的风与寒光《苍月篇》,0,0,0,193
田园乱世情,0,0,0,753
伽蓝雨,7.4,11,1.99,547
关下,0,0,0,1310
汉室孤儿,0,0,0,30
1010784752745756720745726730732
北地之北,0,0,0,10
荒诞故事新编,0,0,0,138
风起青萍,0,0,0,30
五胡明月,0,0,0,23
大魏肃侯传,8.2,15,0,834
后吐蕃时代,0,0,0,11720
穿丝绸的小丑和少女杀手的故事,0,0,0,88
细江湖,8.2,20,0,2647
踏沙行,0,0,0,957
世界之里：道连的百年经历,0,0,0,54
夺嫡,0,0,0,1209
鬼故事,0,0,0,62
点将燕云台 美少年的屈辱与张扬,0,0,0,686
《夜凤凰》,0,0,0,115
蜉蝣劫,0,0,0,134
喀尔喀乌鸦,7.0,35,1.99,2862
不甘平庸：夏侯家族演义（上）,0,0,0,107
独夫,0,0,0,1225
羊献容,0,0,0,44
一别两宽,0,0,0,260
大宋王朝的秘密,0,0,0,1387
《大革命》,0,0,0,332
棋逢敌手,0,0,0,639
大司马,0,0,0,17
我的悍匪姥姥,0,0,0,28
72种人生之痛,0,0,0,30
梅妃穿越记,0,0,0,169
如生,0,0,0,19
桓楚旧事,0,0,0,310
一曲满庭芳,8.2,19,0,7187
14.00,1851581341281262498910
秀才造反,0,0,1.99,268
卡拉迪亚的光明史诗,7.8,45,0,61219
大成实录,0,0,0,78
《格桑梅朵》,0,0,0,112
骄傲,0,0,0,434
金墉城,0,0,0,3449
危局,0,0,0,239
女金匠,0,0,0,7116
沪上情,0,0,0,119
战国英雄传说,0,0,0,177
霸春秋,0,0,0,6
侠客列传,0,0,0,201
江湖道,0,0,0,101
6.99,4071851831854850124312832
子午,0,0,0,39
封神演义之我见,0,0,0,69
墨戬传奇,0,0,0,492
大泽一百九十八年,0,0,0,52
飞面x撒旦文学——《无限异典》,0,0,0,50
南柯年华,0,0,0,4317
大烟袋,0,0,0,46
坠楼之恋——石崇与绿珠,0,0,0,21
鬼怪奇异,0,0,0,188
秀才造反之我是词人,0,0,1.99,185
唐门III,0,0,0,17
开汉神纪,0,0,0,211
世间：故事新编一集,0,0,0,124
我的姥姥是土匪,0,0,0,1
有个霸主叫小白 第1部,0,0,0,2980
北城长安诀,0,0,0,1504
斑斓本纪,0,0,0,447
烽火黄河口,0,0,0,964
刑部四杰,0,0,0,5790
妙恋家丁,0,0,0,61
汉末三面,0,0,0,118
翰墨朝堂与美人娉婷,0,0,0,59
景大人永登赶龙（原名《景大人斩龙脉》）,0,0,0,50
吴起,0,0,0,1364
幻海沧浪,0,0,0,10
晓色云开,7.8,35,0,14607
浮生寡欢总寻觅·壹·风波渐起,0,0,0,789
我的小城,0,0,0,96
群星,0,0,0,10
剑月传奇,0,0,0,18
风沙莽莽（1）,0,0,0,289
戏说春秋郑庄公,0,0,0,68
永乐年美人秘史,0,0,0,111
孤品,0,0,0,90
可怜生在帝王家,0,0,0,32
景大人永登赶龙（原名《景大人斩龙脉》）,0,0,0,50
浮生寡欢总寻觅·壹·风波渐起,0,0,0,789
贱妾何聊生,0,0,0,78
群星,0,0,0,10
幻海沧浪,0,0,0,10
剑月传奇,0,0,0,18
燕飞来,0,0,0,11561
戏说春秋郑庄公,0,0,0,68
永乐年美人秘史,0,0,0,111
前清举人家的少奶奶,0,0,0,1304
孤品,0,0,0,90
燕云十八骑,0,0,0,4259
可怜生在帝王家,0,0,0,32
故里长歌,0,0,0,5
贱妾何聊生,0,0,0,78
长夜六部曲,0,0,0,23
9.4,177,7.00,1253010422101489875984798019780974297689772
元明风烟,0,0,0,1288
大明风月（二）,0,0,0,1010
解缙传奇,0,0,0,246
造墓人,0,0,1.99,323
秋水映鸿,0,0,0,4526
火场坝,0,0,0,190
我的一九四九渡台湾,0,0,0,580
秋雪漫江,0,0,0,565
吟啸行,0,0,0,3548
满目香烟空念远,7.2,17,1.99,1224
南兰陵,0,0,0,5830
我的一个道姑朋友,0,0,0,91
十九首,0,0,0,24
思味回,0,0,0.99,175
星落昆仑,0,0,0,21
星尘,0,0,0,48
生逢乱世,0,0,0,194
极北玄光,0,0,0,431
3.99,442371358329327313310372925
逍遥游---明,0,0,0,21
浅香记,0,0,0,170
南诏风云,0,0,0,147
保定市第二酿酒厂纪事,0,0,0,74
10.00,115810728167848518351037413372
古城祭,0,0,0,551
辛夷传,0,0,0,32
炎黄佚话,0,0,0,159
侯爵,0,0,0,927
璇玑,0,0,0,8
拭古集,0,0,0,15
惊鸿谍影,0,0,0,3609
尘影1948,0,0,0,95
折子戏之云散高唐,0,0,0,1832
御梦者之真实世界,0,0,0,7364
帝国旧梦,0,0,0,1773
赵氏孤儿,0,0,0,7088
飞羽行,0,0,0,15
烟云半世 一夜蹉跎（第二部1977-1987）,0,0,0,36
晋翼,0,0,0,343
姑妄志异,0,0,0,73
塞上曲,0,0,0,82
西江月,0,0,0,51
《龙契史》第二卷，西之乱,0,0,0,136
人间有白头,0,0,0,738
莫如锦衣最风流,0,0,0,492
冒牌巫神,0,0,0,23
荷影剑魂,0,0,0,1119
碾尘成妆,0,0,0,16901
溯洄船,0,0,0,74
故都名门,0,0,0,5722
出罗马记（四）,0,0,0,530
大启,0,0,0,13
鹿人,0,0,0.99,287
古银杏,0,0,0,510
古原风声,0,0,0,204
楚汉纪事,0,0,0,387
孤城狼烟——之特战分队,0,0,0,72
大之至者,0,0,0,1130
相忘江湖,0,0,0,3994
5.90,71362119643622
神钟孽缘,0,0,0,4442
行者 ——关于弼马温事件后续的调查报告？,0,0,0,21
恶果,0,0,0,314
桃花东晋,0,0,0,1145
川普外传——救世纪,0,0,0,61
粗糙的往事,0,0,0,26
庐隐列传之幻天问月记,0,0,0,137
孟珙传,0,0,0,386
余生,0,0,0,140
无边的黑雾(第一册）,8.0,36,0,48359
都市牧人,0,0,0,18
折戟,0,0,0,119
故土,0,0,0,7
那些从坟墓里爬出来的故事,0,0,0,202
汉奸父子,0,0,0,158
熹微乱象,0,0,0,78
