张爱玲城市地图（上）,8.2,32,1.99,8832
小雅群像,9.2,40,0,4780404
动漫中的樱与刀：为何而战（完结篇）,7.8,12,0.00,783
锦瑟记--------流年里的唐诗宋词,0,0,0,217
你可能不知道的香港,8.2,2886,0,463945
北欧神话：诸神篇,0,0,0,1170
永远的丁丁与昨日世界,0,0,0.00,132
大好河山可骑驴,8.8,778,6.99,105811
犀读：好文笔是读出来的,9.4,271,0,1585542
西游局中局（上卷）,8.8,199,5.00,86711
张爱玲城市地图（下）,8.0,18,1.99,4699
东京独立书店巡礼,7.8,286,1.99,25237
审视童话的四种角度,7.0,37,1.99,3819
教自己写作,9.2,71,0,91431
插画之森·欧洲上篇,8.4,87,0,12653
《楞伽经》对读析义,0,0,0,35556
浮生六记（译文版）,9.2,19,1.99,10925
山海经真相探索,7.4,11,0,3344
动漫中的樱与刀：神器与妖刀,7.0,21,0.00,1497
边缘的姿态,9.0,641,1.99,81350
冰与火之歌外传：龙家王朝与七大王国兴衰史,9.6,41,0,159778
《经济学人Special Report 翻译＋精析》,0,0,0,506
西游局中局（中卷）,8.6,123,4.00,23475
时间偏好的基因,0,0,4.99,2703
爱上学英语,9.2,70,0,398134
插画之森·美国篇,8.4,65,0,6740
动漫中的樱与刀：勇者斗魔王,7.6,19,0.00,863
搜神谱（番外）,8.2,23,2.99,1507
颠倒梦想,9.6,149,0,65997
写作的内观,9.2,192,0,59859
六朝文选,0,0,0.00,1737
现代小城的考古学家,9.0,30,1.99,3814
奔向那一片阳光,0,0,1.99,2334
释梦笔记,8.6,101,4.99,19254
三城记,7.6,160,1.99,11895
男欢女爱欧洲史,8.2,226,0,291049
西游局中局（下卷）,9.4,16,7.00,7478
有趣的《道德经》,7.6,12,0,96215
搜神谱（上卷）,9.0,45,2.99,7190
天龙八部,8.0,26,3.99,6682
征文大赛,0,0,0,58762
论平行宇宙——这世界并非只有一个你,0,0,0,1966
9.6,143,33.00,31813272612655326666265012618626428260062634526178
老司机的旅德笔记,0,0,0.99,0.99,1407
搜神谱（下卷）,9.6,28,2.99,2505
真实的魔法师,8.0,11,1.99,1596
宋朝食序,8.4,22,1.99,3097
插画之森·欧洲下篇,8.6,40,0,5066
哈喽！浮世绘！,9.8,39,0,24257
星辰来信,7.6,26,2.99,5265
《周易》先知,0,0,4.99,7184
本格料理物语,9.0,108,3.99,15407
朱雀航北,8.8,49,1.99,7267
两性关系的逻辑,8.0,116,0.99,11825
搜神谱（中卷）,7.6,14,2.99,1418
你说的不朽,9.6,313,0,247632
《周易》与《论语》全新对译,0,0,6.99,3545
人文香港,7.2,94,0,24179
旧时衣服尽云霞,8.6,103,0.99,12073
胡同里的沙发人类学,8.0,35,1.99,2116
诗词偶拾,9.0,84,0,53536
被喝咖啡的上海人,8.4,133,1.99,6624
纹身事典,6.6,18,1.99,2105
征服恐惧,8.0,32,1.99,4321
美好百科 Three,8.4,7.6,71,870,1.99,11897
汉语佛经易解——金刚经,9.2,21,1.99,12638
嚼嚼古文,0,0,0,12058
《老子》先知,0,0,4.99,3741
英语学习探秘,8.6,140,0,181176
《论语》先知,0,0,4.99,604
鲁迅、胡适与王小波,0,0,0,672
闲来一坐谈庄子,0,0,0,1130
宋朝食序,9.6,32,0,52136
说说先秦两汉的休闲娱乐,7.0,19,1.99,3616
正午NoonStory,8.4,15,0,244727
移情，内模仿和器官感觉,6.6,14,0.99,1838
写作课：作家是读出来的,0,0,0,86
西游记的秘密,8.0,23,0,260334
史记---白话文,0,0,0,893
凛冬将至,0,0,1.99,752
佩弦饕餮,0,0,1.99,1055
文艺青年如何读圣经,8.8,93,0,74784
香港与台湾的日与夜,7.6,13,0,10001
日本著名餐厅纪行卷一,0,0,0,4271
《哈利·波特》隐藏情节与伏笔解读指南,0,0,0,527
张三闹海,0,0,2.99,891
为中国传统鼓与呼,8.8,61,0,119709
说说唐人的休闲娱乐,8.8,50,1.99,9501
中日史上这些事！,0,0,0,111
不只是谈鬼说狐,9.2,136,0,589538
汉语佛经易解——心经,8.2,15,1.99,6585
冰与火之歌外传：坦格利安王朝与七大王国兴衰史,9.0,25,6.99,9370
藏书风景,9.4,41,0,232948
人间食客,7.6,360,1.99,15158
方舟女性小说读书会,9.4,39,0,479731
在方镇,7.6,29,1.99,3190
咖啡的故事,0,0,0,2356
王国维与曹雪芹的路边谈话,0,0,1.99,198
以身体道,7.2,12,1.99,3057
途远，写给你的34张明信片,0,0,0,6
周易八字解读人生命运的奥秘,0,0,0,622
8.2,15,0.99,3357297329592922275327792745278027382745
说说清人的休闲娱乐,7.4,21,1.99,2695
《战国大名武田氏的战争与内政》,0,0,0,79
吟诗录,0,0,0,20204
飞雪录丨吹尽狂沙始到“金”,0,0,0,170
文字赏金猎人之写手误区大全,9.0,32,0,36015
欧洲——曲终人未散,0,0,0,982
六朝文选 | 导读译文,0,0,0,1181
辞职去留学，去旅行，去野,9.6,47,0,56144
阿特拉斯的晚风：摩洛哥,0,0,0,18
每周一本好书,8.4,36,0,26216
建筑史阅读笔记,0,0,0,3019
举头三尺说神明,8.2,16,0,56416
少年江湖梦,0,0,0,2419
2016年12星座运势,6.8,148,0,30740
大山深处的神秘洞葬,7.2,259,1.99,7344
从道教看苏轼书法美学,0,0,0,2908
周易故事,0,0,0,2616
明式家具研习录,0,0,0,156
林下之风的看剧手册之2018秋冬篇,0,0,0,241
其实台湾,8.2,46,0,24274
英伦王朝宫斗记,8.0,12,0,37704
朕有话要说：历史呜呜污,0,0,0,1534
长沙LGBT的彩虹生活,0,0,0,280
英语写作“魔法”词汇和句型,0,0,0,123
科幻研究,0,0,0,126
我在日本做公务员,0,0,0,6068
说说明人的休闲娱乐,0,0,1.99,993
东瀛影像修理铺,0,0,0,2460
香港随笔,0,0,0,6398
写给中国人的常识课,8.2,16,0,12948
红楼梦醒犹是梦,0,0,0,13012
5.00,31172258015401398146619391506126512031326
优雅的阅读,7.4,21,0,42844
美好百科 Four,8.4,73,1.99,6670
汉语佛经易解——宝积经,0,0,1.99,363
独立音乐人故事100篇,0,0,0,2
说故事的人,0,0,0,24494
任性赏画,10.0,44,0,8771
佛家《金刚经》原理运用,0,0,0,423
民谣歌手买得起冈本吗？,0,0,0,168
意识学,0,0,8.90,236
食为天,0,0,0,10
伦敦的四月天,0,0,1.99,1226
走江湖,7.6,61,1.99,3842
当下,0,0,0,41
三莆书,7.8,141,1.99,4982
亚文化阅读笔记,0,0,0,1697
爱君笔底有烟霞,0,0,0,9322
四十二章经,0,0,0,2608
室町末年及安土桃山时期日本知名人物概说,0,0,0,70
影史百大角色解读,0,0,0,20
到德国之后,9.0,55,0,71108
微方言,0,0,0.99,416
古拉姆瑞扎·阿瓦尼,7.0,21,0,2341
读书笔记（行易读书）,7.8,34,0,72521
远去，留下,0,0,1.99,946
圣经揭秘 创世纪,0,0,0,99
当代欧陆哲学概览,0,0,0,3719
C与C++学习笔记,0,0,0,198
幽默生产力,0,0,0,13
异国飘思,0,0,2.99,74
Yakuza:日本黑社会合法化之旅,7.0,40,0,45104
先秦性格诸子,0,0,0,2547
6.2,26,4191397940103682948551474356273239
老家颍河上,0,0,0,347
话剧剧本：分地,0,0,0,4
当诗歌遇上电影,7.6,12,0,18010
宋词印象,0,0,0,17108
北欧食事,0,0,0,161
说说中国古代的公休假,7.2,14,1.99,2223
建筑师也应该学点文化研究,6.4,15,0,4147
台下十分钟,0,0,0,598
Motionfever,7.6,13,0,62803
幺,0,0,5.99,1372
南广河挽歌,8.8,210,1.99,6354
不惑,9.0,48,0,887072
炼丹小引,7.6,11,1.99,1098
如何快速提高儿童棋艺,0,0,0,603
如何通过“耶稣镜片”来读圣经,0,0,0,78
黄金三角游吟诗 3,0,0,2.99,739
风雷掌中动 世浪翻袖中,7.8,17,0,281831
“龙爷爷说故事，长智慧”专栏,0,0,0,1
9.2,85,30.00,18862169741570215576148391469914692147781470114598
我和刘能有个约会,0,0,0,8
哲学圈里那些事儿,9.0,55,0,61088
陌生人的肖像,0,0,0,62
宗教改革还重要吗？,0,0,0,214
禾记,8.0,198,1.99,9478
北欧食事,0,0,0,161
英漂第五年,9.0,158,0,285356
亚文化手札,0,0,0,5269
我是如何学习易经的,0,0,0,11
子鼠黛玉和她的族类,0,0,0,2
1133819717135114165
盛世绘本——无相漫画普通人的可爱生活,0,0,0,244
插画之森·亚洲篇,8.6,46,0,5600
旅行可真野蛮——印度篇,0,0,0,54
寻求教育的另一种眼光,7.4,12,0,21746
in & out 清单,0,0,0,67
六合国,7.4,14,1.99,665
林地童话,0,0,2.99,535
浮游纪,0,0,0,265
春秋战国解,0,0,0,275
魏晋南北朝那些文人们,0,0,0,2345
八楼有佛,8.8,21,1.99,3048
《道德经》简述,0,0,0,224
书道,0,0,1.99,521
汉语佛经易解——佛说观无量寿经,0,0,1.99,897
《聊斋志异》中的爱恨情仇,0,0,0,584
2.99,1143839974391736
少数人的存在,0,0,0,521
色彩丛谈,0,0,0,12427
往日人间烟火,7.6,19,0,290838
搜神谱·新番,8.2,25,0,317304
人的本质2,0,0,0,6
色历史,0,0,0,3273
遇见师父,0,0,0,11
《穷通宝鉴》白话详解,0,0,0,375
从姓名说中国历史,0,0,0,165
26142134212928926416726111659153
马太福音,0,0,0,1111
That's Dialogue series --- Gossip Girl,0,0,0,3
时光温柔如初,0,0,0,378
拜古龙：仅以此文拜谢古龙之恩,0,0,0,412
神的史诗,0,0,1.99,2040
《孝道学人》,0,0,0,14
万叶恋歌,0,0,0,1753
摇滚乐与自由诗歌,7.4,18,0,6197
我在华为奋斗的故事,0,0,0,117
Python学习笔记,0,0,0,86
如是说,0,0,0,21
大地无声——豫东南乡土笔记,0,0,0,798
打口传奇,0,0,0.99,283
Great Debate,0,0,8.99,4296
人物事件快速记忆,0,0,0,736
我在县城图书馆上班的10年,0,0,0,23768
钱乘旦《英国史》课堂笔录,0,0,0,530
换个视角解读《大学》与《中庸》,0,0,0,33
西马文论文本细读分析及评论,0,0,0,100
时代杂谈,0,0,0,31
太宰治冷门作品翻译,0,0,0,1321
音乐剧的那些事,0,0,0,3717
读史札记,0,0,0,1574
一天一点过法考,0,0,0,167
经纬+巷陌,9.4,24,0,100379
七夕不睡觉,0,0,0,17
妈宝在欧洲的这些年,0,0,0,3
散乱的光影,0,0,0,1
水墨倾城,0,0,0,57
基于认知的英语单词记忆,0,0,0,135
“话痨大神”伍迪•艾伦电影中的现实“病”,0,0,0,12
其实台湾,0,0,1.99,1545
美国人怎么看中国,7.8,148,0,25962
Sociological理论大缸,0,0,0,1267
红楼梦呓,0,0,0,32
兔丽丝仙境,0,0,0,1471
留美札记,0,0,0,1268
塞满智慧的臭皮囊究竟能走多远,0,0,0,613
细品金瓶梅,0,0,0,133
走近德国葡萄园和酒庄,0,0,0,291
夜读西游,0,0,0,981
价值的折扣,0,0,0,77
思想史,0,0,0,304
幻蓝的游戏文化,0,0,0,76
伟大也要有人懂--读《金瓶梅》系列,0,0,0,149
4.99,14771376126712641247120612311162114763
什么玩意儿,0,0,3.99,856
修心修行修性,0,0,0,24
彼岸花开：东瀛日本的上下三千年,0,0,0,1584
写在《红楼梦》的边上,0,0,0,46993
9.2,34,2.00,3629330031963142316731103081309331733175
111994992566472365291820
思想的秘密,0,0,0.99,622
写文那些年,0,0,0,840
嘻小孩的长不大星球,0,0,0,40
小咸鱼的小故事,0,0,0,25
人类学研究,0,0,0,1314
难言之隐,0,0,0,131
广州纪年,0,0,0,11
9.2,31,2.50,27052112236622807597787043327766718
小时候·大时候,7.6,18,0,33319
一树春风千万枝,0,0,1.99,502
在意大利研读美食的一年,0,0,0,80
阅读的慰藉,0,0,0,666
黄金三角游吟诗 1,0,0,2.99,642
中国脱口秀演义,7.8,16,0,43522
蕉园偶拾,0,0,0,573
孔子100问,0,0,0,86
燕小乙读史/诗,0,0,0,57304
火车上人们吃什么,6.6,696,1.99,25314
岁月山川，是我写给你的情书,7.8,15,0,11061
你可以随时调换,0,0,1.99,580
画格中的宇宙,8.8,48,0,127635
汉语佛经易解——地藏本愿经,9.4,24,1.99,6402
《从零开史》,0,0,0,719
新编《思维学》第一部；思维与生命,0,0,0,54
各国人名手册,0,0,9.99,2560
我与奇点定律,0,0,0,506
四海遗珍,0,0,0,1595
我的大学,7.6,18,0,85307
昨天那拨写字的牛人们，过得并不快乐,0,0,0,1065
圣经思想录,0,0,0,99
山川万物皆文史,8.2,19,0,11955
玩放松,0,0,0,8823
一个语文老师的独白,0,0,0,38
汉字十万个为什么,0,0,0,43
打开英文写作的脑洞,7.8,18,0,52741
电影复写,0,0,0,313
古今小品校注,0,0,0,349
历史不正经,0,0,0,1558
鸟类群像-画册（原创）-佛经摘抄及解析,0,0,0,14
列斐伏尔日常生活批判,0,0,0,767
梦都娱乐评弹,0,0,0,100
水墨行吟,0,0,0,393
海鸥说探戈,0,0,0,3266
月亮的秘密,0,0,0.99,303
绘城诗,0,0,0,10438
看美剧学英语,0,0,0,10
2.00,3514290826662624480420335319319312
当我被困于西欧之北,0,0,0,315
万山千水走遍贵州,0,0,0,5067
三十六计,0,0,0,29
金粉南朝,0,0,0,3397
给我一个沙发，我能睡遍世界,0,0,0,7716
小玄儿的老北京拾遗,8.0,22,0,46696
笑的语言原理,0,0,3.99,812
浪漫主义之歌,0,0,0,3584
1.99,11112910699908510275127
生活中的哲学,0,0,0,188
荼靡花开如裂帛,6.6,11,1.99,2750
国学启蒙经典《龙文鞭影》故事,0,0,0,319
胡晓晨带你看电影,7.8,12,0,19938
怪谈世界史,0,0,0,71
图解<哈利.波特与魔法石>原著生词,0,0,0,216
《唱功秘笈》30个脑洞新奇的学唱歌Tips,0,0,0,188
鲁南小城的故事,0,0,0,1013
英语阅读中的深度思维与深层次语篇逻辑,0,0,0,9867
电影来敲门,0,0,0,149
昭和小集,0,0,0,105
文本之欢,0,0,0,11
吹牛小王历险记,0,0,0,1695
心理与人文——一个人类的共同话题,0,0,0,28233
佚名的无题,0,0,0,76
采采诗情,0,0,0,271
三两事之书评,0,0,0,11
语录王者，临济将军,0,0,0,1039
奥斯卡旧史,0,0,0,269
一画一世界,0,0,0,4181
邧阮,0,0,0,1860
晦兮晨星,0,0,0,37
黑社会2,0,0,0,47
那些年的老物件,0,0,0,48
内战记,0,0,0,2699
与其说是女权,0,0,0,23
新儒家文化探索心路--论语笔记（1）,0,0,0,77
浮生未歇,0,0,0,219
漫漫写作路,0,0,0,17
上辈子就说好了,0,0,0,46
商道维新,0,0,0,7
东方星,0,0,0,21
环中国边境深度行,0,0,0,164
消失的哲学家,0,0,0,19
四海遗珍,0,0,1.99,443
那一年，这十年,0,0,0,31
德国访谈录:普通人的生活,0,0,0,23
爱抗议的小鸟,0,0,0,43
面包星球历史研究所,9.0,118,0,324188
浮生八月,0,0,0,2799
活着的前提,0,0,0,1463
横七顺四砖窑影话,0,0,0,415
建筑师视界下的城市们,0,0,0,10
小龙老师和她的小天使,0,0,0,2488
88个案例告诉你怎样带团队,0,0,0,319
乱话,0,0,0,39
七个星期克服作文难关——对比作文训练法,0,0,0,273
重读经典,0,0,0,6227
故乡一直在,0,0,0,209
浅薄哲学,0,0,0,92
传播学很生活,0,0,0,76
人物原型录,0,0,0,616
4.00,5924524401036658725471399
6.99,196126114112261718291828
城南旧忆,0,0,0,188
《孙子》枝谈,0,0,0,965
可名于小,0,0,0,167
我要生命，也要生活,0,0,0,137
去纽约学女性政治哲学！,0,0,0,212
民国大师玩微信,0,0,0,51
建筑师视界下的城市们,0,0,0,10
现代家居风水学,0,0,0,121
西行浮世绘,0,0,0,664
变态与抒情——紧缚绘师伊藤晴雨,0,0,0,691
重读经典,0,0,0,6227
现代情诗诗集： 《忧郁情剑》,0,0,0,1030
知识撩人,0,0,0,102
西游神仙谱,0,0,0,64
沉香红教你学写作,0,0,0,32
遇见BOSS,0,0,0,80
给文化搓搓背,0,0,0,45
17个锡安主义思想先驱的肖像,0,0,0,87
“职”言“职”语,0,0,0,30
8.0,14,4.00,1782147814811426141113851398140613791424
魔都角落头,7.8,22,0,19119
松门风物记,0,0,0,15710
好孩子不踢球,7.2,12,0,302
电影是糖，阅读是盐,0,0,0,743
中国女排2018世锦赛的30天,0,0,0,4
光影小观,0,0,0,11
无人无辜，人皆有罪,0,0,0,13
7.2,12,2.00,1593151514331504255185191228185186
清词情事录,0,0,0,7675
【自媒体：娱乐>影视】高能文章写作指导,0,0,0,39
文艺老炮儿修炼手册,0,0,0,15
《世界》,0,0,0,46
美国笔记,8.0,24,0,68858
Highway to Hell,0,0,0,615
最潮的音乐指南,0,0,0,6579
日本推理文化风云录,8.0,15,0,1750
四时城市物语,0,0,0,13344
绮女传,0,0,0,33
物事,0,0,0,1392
放眼世界,0,0,0,3284
文化之颂 走向风雅,0,0,0,68
家训传承——立身行事之道,0,0,0,215
冰辞苑,0,0,0,196
法国社会面面观,0,0,0,232
只怪太匆匆,0,0,0,27
阮芸痕古琴答疑百篇,0,0,0,86
蘇城憶,0,0,0,100
老萨看红楼,0,0,0,40
复仇者联盟：和超级英雄一起成长,0,0,0,65
一杯啤酒,0,0,0,110
探索,0,0,0,41
我在国戏写读笔,0,0,0,102
甲子园100年,0,0,0,2203
我只对思考上瘾,0,0,0,5
伟人光芒,0,0,0,34
2.99,22014712736171716121311
《双峰》的世界,0,0,0,1107
家有什么最值钱,0,0,0,26
喜老爱庄,0,0,0,18
幸福就是天天喝糖水,0,0,0,1612
穿过黄金之路,0,0,0,2573
"新文化"运动,0,0,0,77
我的湘西我的村,0,0,0,74300
留影记,0,0,0,15589
学着学术,0,0,0,283
我家在军工厂,0,0,0,8690
原创文学,0,0,0,46
民国的那些才女佳人,0,0,0,7
在津十人,9.4,21,0,24204
徘徊,0,0,0,30
今天我很有情绪,0,0,0,411
读书那点事儿,0,0,0,133
有尊严的生活,0,0,0,66
有话就说,0,0,0,1091
光影潮生曲,0,0,0,271
分析的劳役,0,0,0,170
陈梦集,0,0,0,704
夜草,0,0,0,483
八丁目,0,0,0,440
这个古人真奇葩,0,0,0,963
谈谈情・说说法,0,0,0,340
神怪杂俎,8.0,19,0,21778
萨维尼的法学阶梯,0,0,0,185
8.2,16,2.00,1312123711091091997959822723692268
电影中的喝鸡尾酒的男人,0,0,0,223
《海城墙》Sea Wall,0,0,0,205
神怪杂俎,8.0,19,0,21778
金经杂谭,0,0,0,103
甲子园100年,0,0,0,2203
你身边是不是也有一个Ta,0,0,0,21962
西安城南记事,0,0,0,128
韩剧《我的秘密饭店》系列剧评,0,0,0,15
2.99,22014712736171716121311
高邮老城小巷,0,0,0,11
永远的丁丁与昨日世界,0,0,0,2354
历史碎片,0,0,0,22
谈谈情・说说法,0,0,0,340
晚安童话,0,0,0,16
幸福就是天天喝糖水,0,0,0,1612
穿过黄金之路,0,0,0,2573
1.98,20315913916141416201810
我的湘西我的村,0,0,0,74300
留影记,0,0,0,15589
我家在军工厂,0,0,0,8690
我把芬兰讲给你们听,0,0,0,54
历史的地震—中国地震小史,0,0,0,57
慢生活俱乐部 |「活动回顾」,0,0,0,32
你身边是不是也有一个Ta,0,0,0,21962
一半矫情，一半做作,0,0,0,4888
知晓夜谭,0,0,0,40
小刘侃封神,0,0,0,990
几番啸傲,0,0,0,3264
不，谢谢——英漂的七年,0,0,0,1563
天妃传,0,0,0,13
狐说·鬼话·神仙语,9.0,31,0,19496
文选,0,0,0,126
Vamei的历史爆米花,7.8,16,0,43164
《庄子》的隐秘世界,0,0,1.99,2412
乐活+极简：一份生活建议,0,0,0,1911
老司机的十六年旅德笔记,0,0,0,6198
1.98,20315913916141416201810
阿朝的增长专栏,0,0,0,17
三国杀人物技能设定之脑洞水浒篇,0,0,0,48
日记词,0,0,0,12
酒与鸡蛋,0,0,0,11289
信不信我给你点书瞧瞧,0,0,0,18
我读沈从文和汪曾祺,0,0,0,71
姑妄言之,0,0,0,7
昆汀画传,7.8,18,0,2351
明末那些事儿,0,0,0,39
看懂100部经典电影,0,0,0,47
微醺小记，wine and life,0,0,0,13
以浅薄的眼光看世界,0,0,0,120
《庄子》的隐秘世界,0,0,1.99,2412
菩提路上，散散步,0,0,0,178
西乐导览,0,0,0,34
闲话中国,0,0,0,12
那些影片，那些文字,0,0,0,11
5.00,1419114711241125110711001084110010971103
惊悚悬疑周末谈,0,0,0,2044
幺,7.8,12,0,18459
信不信我给你点书瞧瞧,0,0,0,18
无根据颂,0,0,0,785
属于自然和星空的21篇文字,0,0,0,14557
迷失博物馆,0,0,0,26204
有趣的孔子和儒家,0,0,0,28888
收荒匠的奇幻旅程,0,0,0,2326
生活·慢,7.4,14,0,2838
花下树影,0,0,0,12969
无稽人生,0,0,0,1486
梨花不肯负春风,0,0,0,3835
以浅薄的眼光看世界,0,0,0,120
闲时随笔,0,0,0,597
神性的相遇,0,0,0,10066
长沙样范,0,0,0,3713
桥下春波绿,0,0,0,560
我所经历的日本生活,7.6,60,0,46177
红水河畔,0,0,0,29
吱儿吱儿,0,0,0,36
我和电影书籍的那些事,0,0,0,14
秋倏杂谈,0,0,0,357
人生最美是何时？,0,0,0,14
悟澹说《红楼梦》,0,0,0,96
书影中世界,0,0,0,375
冶风,0,0,0,331
一个中东的农民会从浪子的故事里看到什么？,0,0,0,100
山下小谈,0,0,0,55
Mr沛看电影节,0,0,0,147
生活在地球另一端,0,0,0,9
家·故乡,0,0,0,1940
水浒传信录,0,0,0,474
4.99,12267518471117323302306313302291
禅门小札,7.6,14,0,6223
大羿,0,0,0,26
指味－－衍纸教程,0,0,0,3493
基里尔札记,0,0,0,7642
秋鹿读书志,0,0,0,88
沧海牧鱼集,0,0,0,4228
陕西风俗轶事,0,0,0,23
无声的惊雷（思想随笔集）,0,0,0,39
超人类主义,0,0,0,21
先秦秘境,0,0,0,49331
随园零食单,0,0,0,112
9.90,9926155951141051031568774123
谭刚带你“学透”雅思考官范文,0,0,0,33
禾记（圆满篇）,0,0,0,15848
林下之风的韩剧手册之2018秋冬篇,0,0,0,500
美好社会咨询社（ABC）公益研究院,0,0,0,21
付坤原创成语系列,0,0,0,48
颇为惆怅,0,0,0,12
非著名：电影评论与推荐,0,0,0,1358
24番花信风,0,0,0,39228
古怪的身体，猎奇的造型，冒险的时尚,0,0,0,113
雪夜与风花,0,0,0,1761
漫游欧陆,0,0,0,10
发掘更美的自己,0,0,0,2680
精分人生三部曲,0,0,0,598
岁月如诗,0,0,0,26
乐动我心弦,0,0,0,101
有趣的古代人,0,0,0,90
音乐杂谈,0,0,0,40
一次读懂秦淮八艳,0,0,0,103
西方性格思想者,0,0,0,65
城市观光客,0,0,0,20
昆南杂感,0,0,0,221
爱与被爱一样痛苦，谁又能给谁救赎,0,0,0,5
268211200208190187241362926
偏方乐谈,7.8,20,0,67568
我是如何变成异类的,0,0,0,11
西哲漫谈,0,0,0,669
家谱编修指南与答问,0,0,0,32
儒学偶得,0,0,0,36
一个人的写作,0,0,0,4789
在远方的山水间,0,0,0,338
芝加哥BU大学包录取保录取,0,0,0,23
文言文,0,0,0,44
穷人的生活"哲学",0,0,0,5
桃林路上的聊天记录,0,0,0,11
烟火长沙,0,0,0,38206
东京留学生活,0,0,0,26
相看新加坡,0,0,0,45721
什么玩意儿,0,0,0,5569
日本·影像,0,0,0,2000
诗客酒魂的诗选集,0,0,0,99
每个人的故乡都在沉沦,0,0,0,103263
看故事,0,0,0,281
都市寻亭记,0,0,0,339
我的香港岁月,0,0,0,74
一起来做历史的挖掘机,0,0,0,7014
献以载文,0,0,0,1800
羊,0,0,0,1026
法律学习历程,0,0,0,364
娱乐人间事,0,0,0,123
诗酒人生须尽歌,0,0,0,317
烟雨随笔,0,0,0,73
绘本启示录（二）,0,0,0,592
让荷尔蒙飞,0,0,0,1193
观我生·北朝人物考,0,0,0,1404
北美印第安人的红色之路,0,0,0,2128
久远的历史碎片,0,0,0,13197
外国人在中国,0,0,0,245
孩奴18年,0,0,0,66
向上生长,0,0,0,93
总有些孤独属于你,0,0,0,22
悠悠北京城文化趣谈,0,0,0,29
麦田的孤独与幻梦,0,0,0,23
论文那话儿,0,0,0,44
重读《唐诗三百》,0,0,0,116
言之有物,0,0,0,272
鬼谷子七十二术讲解,0,0,0,184
宋词中的爱情,0,0,0,51
童年的赠礼,0,0,0,158
家谱与寻根,0,0,0,29
小城食记,0,0,0,15
向上生长,0,0,0,93
有一首诗与词，曾波澜过你我的世界,0,0,0,62
孩奴18年,0,0,0,66
论文那话儿,0,0,0,44
一读就懂的《红楼梦》,0,0,0,68
言之有物,0,0,0,272
家谱与寻根,0,0,0,29
童年的赠礼,0,0,0,158
鬼谷子七十二术讲解,0,0,0,184
留学两三事,0,0,0,29
一条戴帽子的狗,0,0,0,12
卓越海底捞：离一流有多远,0,0,0,2481
说不尽的美食,0,0,0,101
三尺氍毹的故事,0,0,0,196
阅读之道,0,0,0,176
时光微尘,0,0,0,30
《论语》里的天道密码,0,0,0,492
话三国,0,0,0,99
香港揾食记,9.2,50,0,39874
朔望晦弦,0,0,0,29
多情总似 无情风月,0,0,0,5040
墨尔本小城戏剧,0,0,0,1263
当家长,0,0,0,105
企图,0,0,0,20
我的人物访谈录,0,0,0,134
和姐姐一起玩写作,0,0,0,69
布波社,0,0,0,41
小城食记,0,0,0,15
有一首诗与词，曾波澜过你我的世界,0,0,0,62
隔壁的上海人,0,0,0,201
一读就懂的《红楼梦》,0,0,0,68
Happy Hour GRE单词大联欢!,9.0,52,0,3247
弱冠十四,0,0,0,33
掀开井盖，掉进脑洞,0,0,0,52
X-SOUL,0,0,0,17
你总要在孤独中学会成长,0,0,0,329
每天一本书,0,0,0,50
将心事托给一首禅诗,0,0,0,8603
高氏情史,0,0,0,2019
儒家有求必应之道,0,0,2.99,144
时尚评论,0,0,0,62
生活备忘录,0,0,0,110
古典音乐在中国,7.2,14,0,47460
相声的秘密,0,0,0,21466
那座小城,0,0,0,43
6365公里,0,0,0,5436
每天诗歌赏析,0,0,0,19
东京日常茶饭事,0,0,0,59
旅程,0,0,0,15
两宋异闻漫录,0,0,0,13183
金都老于的收藏故事,7.8,25,0,21335
爱情小栈,0,0,0,230
我有一座图书馆,0,0,0,2242
黄金三角游吟诗 2,0,0,2.99,313
随笔,0,0,0,109
盘玉笔记,0,0,0,413
我跟魔法师学唐诗,0,0,0,8
读书心得兼散文,0,0,0,83
泡沫行星,0,0,0,23
人间散记,0,0,0,70
小夏的书评,0,0,0,75
除了鸡汤， 我拿什么来安抚你的灵魂,0,0,0,30
新青年2.0,0,0,0,5
生命在我不在天,0,0,0,34
小吴精神状态实录,0,0,0,126
港乐歌词控碎碎念,0,0,0,28
《素书》说什么？,0,0,0,281
简明幸福之路指南第一版,0,0,0,23
经典好莱坞,0,0,0,2263
10.00,1319124310379878991004510339376289
森林学院,0,0,0,25
这些新片，我帮你看了,0,0,0,20
站在边线,0,0,0,864
原文未尽,0,0,0,10
人间烟火,0,0,0,2323
一字一悟,0,0,0,69
一江水,0,0,0,1097
5.00,328264287234232227228203209206
对角,0,0,0,423
喃喃是只猫,0,0,0,984
雅思实战胜经,7.8,38,0,1528
听音的故事,0,0,0,208
神的赐予,0,0,0,31
通鉴草木,0,0,0,2103
北京流水,0,0,0,97
一部电影，爱上一座城市,0,0,0,22005
美人绘,7.4,11,0,2344
古史舆地图说,0,0,0,290
隋唐英雄史话,0,0,0,802
雜文堂,0,0,0,46
修行者,0,0,0,168
恋心,0,0,0,118
大多数时间在哈瓦那,0,0,0,86
当我们谈论音乐时我们在谈论什么,0,0,0,142
英语单词的源泉活水,0,0,0,933
读书笔记,0,0,0,110
致世界的七封情书,0,0,0,5
语词概念电影书籍漫谈,0,0,0,24
一双还算大的人文眼,0,0,0,49
边走边写,0,0,0,7
i2020,0,0,0,86
秃发候群症的文艺书单,0,0,0,39
思考集,0,0,0,10
纽约echoes,0,0,0,192
才子不风流,0,0,0,3660
舅舅的随笔,0,0,0,5
黔山秀水总是情,0,0,0,28
仙女在人间动了情,0,0,0,13
上海人在香港,0,0,0,7624
1.99,187150141140142143134394146
兽道：永恒的回归之路,0,0,0,22
古代水手的恶趣味儿,0,0,0,526
2.00,467291299348296336226236218214
芝加哥BU大学包录取保录取,0,0,0,17
留住乡愁,0,0,0,1478
港味,0,0,0,8192
观,0,0,0,32
行走的力量,7.4,21,0,1692
三国小人物传,0,0,0,117
久世成良伊的百话文,0,0,0,447
星座小栈,0,0,0,535
蹩脚哲学家梦游仙境,0,0,0,115
隐世幽城写汗青,0,0,0,17498
灰色故事,0,0,0,819
新庸见词典,0,0,0,163
狄达尔的传媒周记,0,0,0,81
爬圈记,0,0,0,38
非典型处女座汉语老师在德国,0,0,0,1143
凛冬将至,0,0,0,3157
星座性策略,0,0,0,141
炎龙笔记,0,0,0,311
譬如朝露,0,0,0,808
Woo遇见人类学,0,0,0,93
茶话,0,0,0,809
当代画家欣赏,0,0,0,28
6.99,151115989924
你永远无法预知未来,0,0,0,862
腾小追探访标点世界,0,0,0,55
哲学·人生·文学,0,0,0,718
在津，又十五人（在津十人第二期）,0,0,0,1112
沉闷的世界,0,0,0,22
老徐大院,0,0,0,2040
孟子的智慧,0,0,0,43
电影圣经,0,0,0,20
布莱克书店,0,0,0,8
后生愚论中国文学大势,0,0,0,15
行走的怡时刻,0,0,0,4
水浒列传,0,0,0,19
《中国书法史》笔记,0,0,0,95
给孩子们讲古代文学,0,0,0,41
苗一涵的一心一意,0,0,0,66
来一场 美食的旅行,0,0,0,51
忆-不平凡的你,0,0,0,142
晨夕之间,0,0,0,24846
暮色田园,0,0,0,423
我用钩针勾搭你,8.0,24,0,16583
裕仁1945,0,0,0,103
画不成话——散论国画,0,0,0,68
看什么,0,0,0,920
读者的试炼,0,0,0,178
锁死英文小品词的16堂课,0,0,0,7441
关于“造型”这码子事儿,0,0,0,55
脱掉裤衩／别饿着我,0,0,0,9087
携酒化为月光,0,0,0,1822
先民的敬畏,0,0,0,1098
电器日阅读,0,0,0,17
10个深圳青年,0,0,0,95
时间的灰烬,0,0,0,7636
来吧，猜猜谜,0,0,0,2617
读者活动,0,0,0,9143
在电影中窥见的，正是你我,0,0,0,603
昨夜朱楼梦,0,0,0,30
文史天空中的流星,0,0,0,1169
二十四食歌,0,0,0,11
当风雨已过，请迎着最后一抹夕阳走入我心,0,0,0,229
《不成诗歌的诗》Nothing but Poetry,0,0,0,782
你好，埃及,0,0,0,228
船长读画,0,0,0,217
茶铺故事,0,0,0,17
这个世界本就不属于 像你这样美好的灵魂,0,0,0,104
停云斋(文化杂谈),0,0,0,13
田野与影像,0,0,0,37
在国外的外国人,0,0,0,18
青丝为谁,0,0,0,56
灵光与镜像,0,0,0,85
耵聍录：新世纪音乐笔记,0,0,0,1237
灵魂密钥,0,0,0,5477
时差,0,0,0,13681
美食共和国,0,0,0,7
微植物,8.0,34,0,17172
望乡记,0,0,0,2650
五十二张明信片,0,0,0,1420
心有千秋,0,0,0,2032
八卦戏剧人,0,0,0,36
无物之阵,0,0,0,13372
电影打开的世界,0,0,0,53
清风浦上,0,0,0,6137
读台书,0,0,0,6617
7.6,17,4.99,1489228811543742732843154031422402
当今世界的超格分析,0,0,0,6106
故园此声,0,0,0,472
国际游牧,0,0,0,19
灵魂密钥,0,0,0,5477
在寒冷的冬天，你需要一朵花的温暖,0,0,0,174
书信馆,0,0,0,18
看见这个世界的美好,0,0,0,556
搭讪300个陌生人去散步,0,0,0,38
诡杂集,0,0,0,62
无题,0,0,0,262
八卦戏剧人,0,0,0,36
菩提路，散散步,0,0,0,27
文化之颂，走向风雅,0,0,0,5
小说评论随笔,0,0,0,220
我是,0,0,0,30
折戟沉沙奇女子,0,0,0,99
当今世界的超格分析,0,0,0,6106
藏寨记事,0,0,0,852
栖居城市的魂灵,0,0,0,1954
木塘散记,0,0,0,58
《微书话1018》,0,0,0,151
我发明的智慧,0,0,0,354
2.00,609479599531451454426421456124
大摄影家,8.2,19,0,34794
圣经电影故事,0,0,0,56
大白的江湖笔记,0,0,0,400
窗外有蓝天,0,0,0,16122
小南街的花店,0,0,0,196
命运,0,0,0,58
灌篮高手之梦回二十年,0,0,0,19
纯粹无聊批判,0,0,0,7
世界巅峰影视鉴赏,0,0,0,7
三城记,0,0,0,1781
跑题,0,0,0,1626
则阳,0,0,0,3927
穿街巷57号院的植物王国,0,0,0,1127
搜神,0,0,0,219
红楼人物传,0,0,0,25
想想和叨叨——不深刻读书笔记,0,0,0,84
Neglected Virtues,0,0,0,36
魔性逗比诗歌集【2】,0,0,0,29
笑,0,0,0,64
西行散记,0,0,0,9
悠悠亦春秋,0,0,0,10
拙阅周刊,0,0,0,62
从电影看中国,0,0,0,25
黄泰随笔,0,0,0,103
推理之瞳--欧美版,0,0,0,54
读,0,0,0,502
搜神,0,0,0,219
埃及故事,0,0,0,15
红楼人物传,0,0,0,25
想想和叨叨——不深刻读书笔记,0,0,0,84
伟大如猴子，渺小如人类。,0,0,0,59
Neglected Virtues,0,0,0,36
魔性逗比诗歌集【2】,0,0,0,29
笑,0,0,0,64
西行散记,0,0,0,9
悠悠亦春秋,0,0,0,10
拙阅周刊,0,0,0,62
水仙,0,0,0,466
从电影看中国,0,0,0,25
黄泰随笔,0,0,0,103
推理之瞳--欧美版,0,0,0,54
记录我战胜熬夜毒瘾的二十一天,0,0,0,7
读杜读到成都去,0,0,0,10357
走进繁体三道门,0,0,0,280
在那遥远的地方,0,0,0,11549
蓝眼睛和黑眼睛,7.6,66,0.99,3300
1.99,6646045802567487125901058173
过关,0,0,0,1831
西油纪,0,0,0,43
美国小迷,0,0,0,25026
天涯无尽，海角有时,0,0,0,9
光的结晶,0,0,0,1033
著名文艺青年们都是怎么死的,8.6,178,0,28442
四时,0,0,0,462
746620471116784528392345
读,0,0,0,502
聆听琴音,0,0,0,82
