TED上的设计,7.6,12,0,8770
如何画奇怪的东西,7.6,13,0,8982
西方首饰历史,0,0,0,58
艺术家们,0,0,0,406
所谓生活,7.2,23,1.99,1290
漫谈建筑史,8.2,18,0,2032
梦幻糖,8.6,44,0.99,3521
园林的艺术,0,0,0,124
橄榄核微雕作品创作实例教程,0,0,0.00,163
旅行手绘小课堂,9.2,123,0,33152
Sincer’s Butterfly,6.6,19,1.99,1371
“懂”设计,8.2,101,0,16231
给科技青年的文艺书 Vol.1,0,0,1.99,636
图解和声 基础篇,0,0,5.99,2260
设计备忘录,6.6,51,3.99,8297
Design System,0,0,0,246
茶间花语,0,0,0,10
苏鲁支语录,0,0,1.99,994
冬泳记 | 第1话,8.8,167,0.99,7638
年纪大了，想玩玩当代艺术（十年作品集）,0,0,0,153
设计师的自我修养,8.6,68,0,146024
无色梦境,0,0,1.99,1226
平面设计提升方法与实践,0,0,0,806
给科技青年的文艺书 Vol.3,0,0,1.99,197
9129593952401534140612509512000761637
设计让人齿骨生香,7.8,16,0,1800
魔法UI设计,0,0,0,655
图解和声 进阶篇,0,0,0,3609
不仅仅是互联网用户体验设计的吐槽,0,0,0,446
无建筑 不生活,7.8,39,0,8677
我的花艺笔记,0,0,0,370
视觉：知觉&直觉,0,0,0,9017
进击的手工爱好者,0,0,0,8597
午夜城市漫步,7.2,11,0.99,578
影史百大角色解读,0,0,0,20
漫谈建筑史,8.2,47,0,73226
About Face,8.8,74,0,60864
9.2,46,3.99,7243648462226055597412621134977927905
给科技青年的文艺书 Vol.2,0,0,1.99,331
UI 设计点滴,8.2,35,0,72783
奇怪刺绣,0,0,0,36
给科技青年的文艺书 Vol.4,0,0,1.99,450
乱笔,0,0,0,19
家,6.6,13,0,24643
黑色漫画图文,0,0,0,25
创新开讲,0,0,0,6814
几粒米,7.6,15,1.99,1206
变态与抒情——紧缚绘师伊藤晴雨,0,0,0,692
乙·甲写作日志（设定总集）,0,0,0,64
私奔在魔都：50平北欧小窝养成记,9.2,254,0,177067
超人小飞飞的手工教室,0,0,0,36408
7.6,13,5.60,1195860865218185162135171118103
fluffy diary,0,0,0,371
边走边写,0,0,0,7
我在淘宝开家翡翠店-开店笔记,0,0,0,433
麻省理工学院媒体实验室,0,0,0,120
写给设计,0,0,0,1274
