麦克白效应（修订版）,8.8,42,0.00,22067
再见恩格斯,9.2,361,1.99,20874
不速之客,9.0,436,2.99,59070
罪恶的枷锁 Ⅲ,9.4,264,0.00,45029
雾云山杀人事件,7.4,23,0.00,3555
古董珍珑劫,9.4,41,0,76278
第十三天（上）,9.2,4082,0,339554
走向大海,0,0,0.00,478
心意相通,8.8,224,3.99,68398
谜踪记,8.0,89,0.98,0.98,6429
罗宋探案：僵尸,8.8,317,0.00,35280
春树秋霜,9.2,51,3.99,10887
飞蛾之刃,9.0,1196,0.00,230077
儒隐 之 敦煌密码,8.8,47,0,21133
杀人连环计：一场惊世骇俗的谋杀,9.2,602,0,1592400
罪恶的枷锁 Ⅰ,8.8,316,2.99,56775
江湖探案系列之：金狮镖局案,8.0,24,0.00,2213
阳光洒肩头,9.6,189,0.00,35350
匿影者,8.8,32,0.00,7091
无妄之灾,8.8,507,3.99,135728
黑暗的平方,8.6,329,2.99,54248
一窟鬼,8.8,801,1.99,105042
神秘岭（完整版）,9.2,791,4.99,4.99,339638
窥,8.2,221,1.99,33862
鲤鱼与壁虎,8.6,174,3.99,33941
血鸟谜案,7.6,19,0,4771
离奇的失踪,7.4,15,0.00,1757
暖气,8.2,1539,4.99,506241
罗宋探案：疯猫,9.0,416,1.99,41603
盲村,9.2,385,3.99,55389
末路狂花,8.6,615,3.99,175295
慈恩寺谜案,7.6,15,0.00,1804
夜色无边,7.8,191,0.00,8166
关东志怪,8.6,377,0.99,0.99,192733
雪人幻想,9.0,227,2.99,30378
罗宋探案：白月光,8.8,459,1.99,102863
我脑海中的她,0,0,0.00,508
罗宋探案：谜尸（修订版）,8.6,539,1.99,87555
罪恶的枷锁 Ⅱ,9.0,275,0.00,30169
禁酒令,7.8,16,0,10755
废城：蜂击,0,0,0.00,93
流萤·卜问,9.2,165,1.99,1.99,24893
婊儿子,10.0,38,0,178090
楼上的声音,8.4,1079,1.99,93271
黑暗的n次方,8.6,283,2.99,62335
蓝带儿,8.6,22,1.99,1551
白色玉兰花,9.0,417,0.00,121888
恶魔之窖,8.4,307,1.99,22604
博尔赫斯探案Ⅲ：丹麦王子之谜,7.4,21,0.00,2028
第十三天（中）,9.0,1976,2.99,139015
梁家兴教授探案集,9.2,383,0,1129646
校园枪击案策划指南,8.6,3100,1.99,175973
黑暗的立方,8.8,256,2.99,54663
古籍残案之我是文物修复师（完整版）,0,0,0.00,5588
双水村往事,0,0,0.00,102
被偷走的人生,9.0,116,4.99,37483
蛾变,8.6,128,0.00,33102
我因羞怯而杀人,8.6,481,1.99,87637
第十三天（下）,9.2,2513,2.99,102054
黑河杀手,8.2,493,1.99,53882
被迫回忆,8.2,62,0.00,11000
写作课,7.6,249,1.99,24963
南疆异闻录,0,0,0,1777
无限恐怖,7.4,87,0,126155
无限恐怖,7.4,95,2.99,2.99,27150
南天门外没神仙,6.8,12,1.99,1630
至少还有你,9.4,198,0,1554146
锡箔纸（上）,8.4,45,0.99,0.99,11045
暴风雪夜的独行者,8.0,76,0.00,17423
107国道连环杀手,9.2,250,1.99,32708
锦衣卫传奇,8.2,100,0,30100
孤岛模式,7.6,36,0.00,2833
锡箔纸（中）,0,0,0.99,0.99,1743
镜子,8.8,25,3.99,4830
八生门,6.2,29,2.99,2194
古镇笔记,7.2,23,1.99,2761
我，嫌疑犯,8.4,670,0.00,115140
荒野时间和其他故事,8.6,50,1.99,4715
刺杀警察局长,7.2,44,0.00,1929
情热,9.0,111,2.99,23450
无限恐怖（二）,8.8,44,0,71022
9号侦查馆,8.0,22,0.00,11850
自杀俱乐部,8.0,46,1.99,9185
失落的兰若寺,5.0,25,1.99,3499
神秘岭（一）,9.2,150,2.99,25481
杀人犬（特别修订版）,8.6,71,3.99,14945
无妆,7.4,31,0.00,5010
乞丐和妓女,8.6,673,1.99,90043
斧头男,8.6,26,3.99,5688
镇痛记,7.6,503,1.99,87758
陆离神秘事件簿,6.2,63,3.99,3825
沼中之鱼,9.2,72,1.99,11204
鬼海灵船,8.0,1101,1.99,65332
RemembeR,7.8,33,0.00,8387
过垂虹,0,0,1.99,1074
麦克白效应,8.6,420,5.99,210599
虚空之犬,8.4,36,1.99,5653
鲁迅遗嘱,8.6,198,4.99,98562
不可能的正义,7.6,557,1.99,50575
上钩,8.0,277,1.99,15518
悬赏,0,0,0.10,0.10,439
失眠者,9.2,134,0,263105
模仿大师,7.2,23,1.99,2885
骗子,8.2,364,1.99,52264
无限恐怖（二）,7.2,19,2.99,2.99,1476
神秘岭（二）,9.4,119,2.99,14645
博尔赫斯探案Ⅱ：伦敦幽灵之谜,8.0,55,1.99,4776
周公馆疑案,7.8,18,0.00,7130
圆圈（中英双语）,7.8,348,0,26866
想做宠物的女人,7.0,32,0.00,2936
齐谐今语,9.8,91,0,1060948
没有虫子的房间,9.2,95,1.99,7690
神秘岭（三）,9.4,141,2.99,12403
遗产,9.0,314,7.99,60157
噪音,7.2,211,0.00,7725
最后一击,9.0,41,2.99,3160
沧浪,8.8,36,0.00,5208
杀戮游戏 / 开往地狱的天堂号,9.0,40,0,192994
心之刑,7.6,39,1.99,8064
其实没有路,8.2,261,1.99,14570
叫魂,7.6,29,2.99,6173
夏日审判,7.4,28,1.99,945
疯狂的假钞,7.8,43,1.98,1.98,3247
费可的晚宴,9.0,180,1.99,22432
我该如何爱你,7.2,13,0.99,2347
桐花落尽,0,0,0,125
去年夏天和你在一起的女孩是谁,8.0,21,1.99,2588
七个奇案,7.6,24,3.99,9791
迷城七凶,7.6,138,3.99,11612
你的所有秘密我都知道,8.4,355,1.99,42397
奉天范城隍,0,0,0,7638
龙楼镇,8.0,48,5.99,8799
506号房,9.0,240,4.99,70459
次元骑士,0,0,0.00,738
青衣,6.8,162,0,6287
寂静的冬日,7.6,188,1.99,10568
火星移民购票指南,6.4,1009,1.99,59822
非花旧闻,9.4,113,0,37031
独木成林,7.8,414,1.99,23929
宇宙狗,9.0,39,2.99,7053
自白,7.2,124,0.00,3369
山海手札,8.8,18,4.99,8271
日记：我杀死的那个男青年是谁？,0,0,1.99,634
无边的黑雾（上）,8.2,12,4.99,1771
地下铁与局外人,8.6,136,1.99,14016
摩托车追杀记,0,0,2.99,641
真实游戏,6.4,232,1.99,5052
重返金瓶梅乐园,7.8,151,2.99,64005
无尽使命,8.6,16,1.99,2336
九道口,7.4,88,1.99,12248
禁酒令,7.2,31,1.99,3858
锡箔纸（连载）,9.6,27,0,125741
深夜电台——一些悬疑惊悚灵异的小故事,7.0,15,0,8315
边村,8.6,63,1.99,4278
阿霞,7.8,66,4.99,26977
野牛比尔,6.4,54,1.99,1011
一百种死法,8.8,44,2.99,13961
叶之花,7.8,192,1.99,59920
绞刑架,7.4,33,2.99,2770
暗房,7.8,182,0,9218
不焚,0,0,1.99,1229
第六夜,4.8,29,0,1407
雾锁霾城,8.0,12,2.99,4946
灰渡,7.8,224,1.99,32549
爱恨是可以接力的活计,7.2,151,0,3877
出狱,5.8,41,1.99,957
蛇踪谜案,7.4,21,1.99,3089
千岛谋杀,8.8,45,0,57616
艳遇迷踪,6.4,62,1.00,1.00,1133
雷打雪,7.0,17,2.99,3057
巴别塔之祸,7.2,12,1.99,1022
亡命之徒,7.8,113,1.99,2973
梦境密码,8.2,60,1.99,3026
灌木走廊,7.8,212,2.99,32089
蔑法者,7.0,23,1.99,3035
江湖四公子之神剑妖刀,9.4,36,3.99,23431
唤醒,8.0,127,3.99,50919
MOTHER,0,0,1.99,747
云溪庄园,7.0,163,1.99,5445
我就是药神,8.2,20,1.99,1355
连环套,7.4,131,1.99,4531
盗墓风波,0,0,1.99,278
重人之神秘村落,0,0,3.99,3054
捞尸,8.0,11,0,17701
甘露,8.0,175,3.99,64630
附近的人,8.0,187,1.99,6046
消失的女孩,7.8,25,0.99,1666
无边的黑雾（中）,0,0,3.99,1158
她为什么不会说话,8.0,17,4.99,8841
死局,0,0,1.99,138
天谴的谋杀,7.0,45,0.00,2970
寻凶,8.4,16,1.99,2704
刺秦,7.4,38,1.99,3997
怀柔印象咖啡馆,7.0,52,0.99,3707
爱情契约,7.4,95,1.99,3719
真探,7.4,29,3.99,6219
别无选择,7.4,67,1.99,1588
虚构的真实,8.4,79,1.99,5620
长老,8.0,24,3.99,7514
幻觉之山,7.2,11,0.99,417
杀人狂的故事,8.0,77,2.99,4869
审判者,7.8,13,1.99,756
我在美国经历的恐怖故事,6.6,61,2.99,8882
大众浴室,8.4,23,2.99,4380
《国家之子》：基石协议,8.2,14,0,2944
吉木乃投河之谜,0,0,0.00,776
猥亵,6.6,407,1.99,26246
一个十八线小明星死后,7.8,36,1.99,1897
卡西莫多的眼泪,7.0,12,1.99,1593
秋祭,6.4,176,1.99,3888
被囚禁的人,0,0,1.99,224
明星范可芸的病理学报告,7.6,99,0,6275
特别调查员,7.6,13,1.99,1230
朝内81号,6.4,17,9.99,6112
四季,8.0,279,0,35400
女孩们在那年夏天干了什么,7.2,412,1.99,57424
幻觉互助小组,8.2,23,1.99,1132
绝命笔记,0,0,0.10,0.10,348
因为下雪的关系,0,0,3.99,4975
复仇的戒指,0,0,1.99,413
采诗官左雀传·幻戏奇案,0,0,0,4077
仇敌,0,0,2.99,857
我遇见过一个死在夏天的女孩,7.2,54,1.99,1976
窒息,7.8,16,4.99,1203
落日晚餐,0,0,0,162
出云之月,7.4,52,1.99,1214
空皮囊,9.4,44,0,49159
橘和枳,8.4,51,1.99,1843
为之何迟,8.0,16,1.99,486
拯救心肝胃肺肾,8.4,28,0.99,1585
古籍残案之我是文物修复师,7.6,50,0,208123
阿斯那笃黑,8.4,45,0,8467
战尸鬼,7.8,95,1.99,12902
女大学生遇害事件,8.2,49,1.99,5110
黄金生死劫,6.0,86,1.98,1.98,5797
林川悬疑档案之猫冢,0,0,0,333
让我靠近你,7.6,58,1.99,1596
遗忘,9.0,34,9.99,17145
谁杀了那个老混蛋,7.8,87,0,18867
橘子情人,6.2,49,1.99,866
马戏团命案,0,0,0.00,1063
保姆,0,0,1.99,248
温柔的掌印,7.6,34,4.99,11341
活见鬼,9.2,69,6.99,29373
困·局,7.6,62,1.99,2178
致命婚礼,8.8,20,0,33584
龙尾镇,6.2,89,1.99,2195
刑警双枪,0,0,0,48536
303号病房,8.0,61,1.99,1958
五人寝室,7.0,86,1.99,2840
此时此刻,0,0,2.99,1766
苍县杀人事件,7.0,17,1.99,1945
亲爱的斯德哥尔摩,6.8,143,1.99,3412
龙之国,7.4,14,0.99,1302
时间穿越之谜,0,0,0,531
死亡摄影师,0,0,1.99,282
暗香,0,0,0,2642
302号房间,0,0,0.99,0.99,269
第三极,8.8,17,1.99,4803
谁是安德烈,7.4,11,1.99,1288
以飘之名,0,0,0.00,1993
觉醒 1：黑石疑云,0,0,0.00,1048
上海敌人,8.8,61,2.99,9421
网球集训杀人事件,7.0,19,1.99,2628
生活在别处,0,0,1.99,1322
肉虫三部曲,8.0,18,2.99,2105
生活百态《X档案》,0,0,0,184
红裙子,7.0,34,1.99,2711
勒索者,0,0,0,3256
阴阳台,0,0,1.99,458
月半旅行箱,7.4,154,1.99,5751
长夜,7.2,16,1.99,3108
黑暗中的时间指针,0,0,2.99,1526
黑鸟,8.2,96,1.99,12185
宿舍,0,0,1.99,210
那天晚上，你和谁在一起？,7.4,43,0.99,1879
花煞,0,0,0,6159
消失的妻子,7.4,23,0.99,868
猫婴杀人事件,0,0,3.99,563
瑟瑟萧萧,0,0,1.00,1.00,1670
老实人,7.6,14,1.99,1564
环岛迷雾,7.6,114,1.99,22135
第六个女病人 ,7.8,21,1.99,1014
陌生人日记本,0,0,0.99,338
守卫晨光,0,0,1.99,81
狐步,8.8,37,4.99,2881
神探慕容,0,0,1.99,504
清末奇案,0,0,0,1380
床下有人,7.4,45,1.99,6941
这不是一部爱情小说,6.8,29,1.99,4380
兄弟,0,0,1.99,758
失眠症,8.4,74,0.99,4066
最后的中国佬,8.2,26,6.99,3887
不老方,8.0,15,1.99,2510
林川悬疑档案之戏梦,0,0,0,2853
永劫回归,0,0,1.99,123
死亡小说,0,0,0,19
妈妈的犯罪,0,0,1.99,682
傻子杀人事件,0,0,1.99,352
我在九岁那年杀了一个人,5.8,163,1.99,3886
一把出卖的枪,7.0,151,1.99,3720
龙泉山上的守墓人,0,0,2.99,456
江湖探案系列之：金狮镖局案,0,0,0,853
长生锁,8.0,60,1.99,3921
救赎,0,0,1.99,551
失落症,0,0,1.99,1282
蚁王,0,0,1.99,697
第四类凶手,0,0,0,127
翡翠谷,7.8,30,1.99,1017
逍遥法外,7.0,141,1.99,4129
那些年的秘密,0,0,1.99,487
鬼,7.6,64,0,9551
谁杀死了维尼,0,0,0,163
沉睡的人总在梦里醒着,7.0,13,0.00,417
旧船灯,7.6,11,1.99,1799
少年杀,7.8,70,1.99,2607
巨婴图,8.8,36,1.99,4308
无名四部曲,0,0,1.99,601
海城绑架案,5.8,54,1.99,995
恶魔的夙愿,0,0,1.99,110
寻经劫,0,0,5.99,1464
虎迫岭,7.0,70,1.99,2380
影子杀手,0,0,1.99,1414
爱丁堡火车站谋杀案,0,0,0,54
红色旋涡,7.2,11,1.99,451
我的葬礼,7.4,278,1.99,12357
无意义的旅行,6.4,58,1.99,1160
脸孔的尊严,0,0,2.99,200
唐奕的盒子,0,0,0.99,66
万圣夜之恶灵,0,0,1.99,161
警察故事,6.0,108,1.99,2084
种树人,0,0,1.99,97
妈妈是我妈妈，但那个人不是我爸爸,7.0,71,1.99,6361
黑暗中的猛兽,0,0,1.99,72
个人重塑史,7.2,186,1.99,14868
昨夜星辰,7.2,158,1.99,9445
肉体买卖,0,0,1.99,479
西斯空计划,7.6,88,1.99,6647
消失的爱人,0,0,1.99,909
空杯,6.4,216,1.99,23685
谁在逼我离婚,4.4,57,1.99,959
五人行,0,0,1.99,816
巴黎女子图鉴,0,0,0,2
凶宅笔记,7.6,15,2.99,4272
君子国,8.2,11,0,4018
雏菊,7.2,21,1.99,1229
10·7,8.2,27,4.99,9769
旧船灯2,0,0,1.99,103
幻影,7.4,125,1.99,3654
镜头,7.2,96,1.99,5396
成年死亡,7.2,11,0.99,1673
宿命是一只兔子主动滑向一杆猎枪,7.4,13,1.99,1791
樟子镇,7.4,118,1.99,2096
锦衣卫之夺山记,6.6,65,1.99,1901
美丽的尸体,6.4,16,1.99,1137
国王万岁,0,0,5.99,318
讹谶,8.4,58,2.99,3476
垃圾桶里也有春天,0,0,2.99,214
第一桶金,0,0,1.99,317
鼠人,0,0,0,1275
陈年大桥坍塌事件始末,8.2,17,1.99,2567
我和文森特的情人,6.8,164,1.99,6542
消失的弗兰克,0,0,2.99,995
上海三联,0,0,1.99,1149
摇滚歌星之死,7.4,397,1.99,26643
腐败之心（上）,7.8,17,3.99,6275
金风玉露一相逢,6.6,65,1.99,1245
一封匿名信引发的追寻,5.0,80,0.10,0.10,3971
杀死悲剧,6.2,72,1.99,1113
黑暗的尽头，请留步,0,0,1.99,94
编号76,0,0,0.99,295
沙皇的间谍,0,0,5.99,62
往生,7.6,41,4.99,8624
惩罚我,0,0,1.99,219
海底龙踪,7.2,237,1.99,6602
迷城凶案,7.6,125,4.99,11575
夜车,0,0,0.99,661
流放岛日志,0,0,4.99,775
中奖之后,6.2,134,1.99,4737
不野岛的证人,0,0,0,472
沧海遗粟,0,0,1.99,309
白骨岛的夜·雨·雾〈一〉,0,0,2.99,521
无脸,0,0,0,16
保家仙传奇,7.6,14,0,2569
应许之地,0,0,1.99,209
宝蓝色的秘密,0,0,1.99,328
山岭诡秘,0,0,0,1230
基础楼怪谭,0,0,0.99,78
唐川镜,0,0,1.99,1038
虚无之人,0,0,0,23
无名街道,5.4,73,1.99,2002
银背刽子手,0,0,1.99,811
犯罪画像,0,0,0.99,1108
红蟹岛,0,0,2.99,1244
夜话,5.6,35,1.99,1358
豆蔻结,7.4,72,1.99,2099
冲不上的云霄,7.4,11,0.00,1792
陌生女人的礼物,0,0,1.99,1547
遥夜吟,7.8,390,1.99,16256
杀死我孩子的人,7.8,89,1.99,3937
刀客,7.0,124,1.99,3387
湘西精怪故事集,8.0,33,0,289673
楼上,5.2,103,1.99,1945
南方往事,0,0,0,2490
送终,0,0,1.99,112
怜悯,6.8,190,1.99,7041
孙庄异闻录,0,0,4.99,1895
花灯祭,6.6,33,1.99,1812
一分钟破案·推理游戏,6.8,12,0,20177
球形恐惧症,0,0,1.99,265
众生之死,8.4,437,1.99,31738
山鲁佐德,6.0,151,1.99,2496
年,6.2,119,1.99,2442
爱上百万的女人们,0,0,1.99,71
比限,7.4,195,1.99,4864
深渊,7.2,13,1.99,1448
红蓝蚀,0,0,1.99,141
狼人传说,0,0,1.99,867
摇晃的木偶,0,0,1.99,687
异响（上）,0,0,4.99,272
雕像城,0,0,1.99,319
来稿,0,0,1.99,128
蓝焰之村,6.8,12,0.99,523
寻找贾墨菲,7.8,236,1.99,24364
寻枪,0,0,1.99,197
冥蝶,0,0,1.99,298
不寐之夜：三则怪谈,7.0,20,1.99,837
四月囚鸟,7.8,14,1.99,2518
慈母山教堂,0,0,4.99,323
纹理,5.6,53,1.99,1062
断偶,7.6,13,1.99,1041
白江夜雪,6.8,13,0.99,928
向阳而生,0,0,1.99,194
少女失踪之谜,7.4,239,1.99,5854
蝗虫侦探症候群,0,0,1.99,166
神木·鬼树,7.6,168,1.99,5114
洪水,0,0,1.99,734
楼兰破奴记,7.2,133,1.99,5403
人间蒸发,7.0,21,0.99,875
狗仔,0,0,1.99,600
拜托，快来抓我,7.0,12,1.99,1121
傀儡,6.4,52,0,6117
可疑的房客,0,0,0,68
蜀汉英雄,6.8,14,1.99,1834
天鹅湖,8.2,17,0,56081
彩虹城 Rainbow Village,0,0,0,7177
向心探案日记,0,0,0,32
水潭,0,0,0,66
七寸,7.8,109,2.99,34317
穿越楼兰,0,0,0,5541
直觉,0,0,1.99,409
隐在树下的匕首,0,0,1.99,145
相片里的哭泣,7.0,21,1.99,949
三只小鸟,7.2,34,1.99,4857
厦大异闻录,6.6,34,1.99,4755
抑郁症患者,7.6,46,0.99,3503
杜光明寻塔,0,0,1.99,135
七个木头小人,7.2,19,1.99,1289
四分之一手记,0,0,4.99,686
偶遇,7.0,261,1.99,6858
身份,0,0,0,1296
寻找死刑犯莽克的一生,7.6,11,0.99,270
恐怖缘,0,0,3.99,1049
一次谋杀,0,0,0.99,193
负我,0,0,1.99,885
RC午夜噩梦析,0,0,1.99,1049
带血的言情小说,0,0,2.99,380
曙暮杀手,7.4,60,1.99,1783
午夜的电台里都在播些什么？,0,0,0,2212
歹徒列传,6.6,110,1.99,2209
宁静的山谷,5.8,40,0,2879
巨人的来信,0,0,0.99,149
魔女,0,0,1.99,329
尤比克之夏,0,0,4.99,2464
失踪,0,0,1.99,156
厦大异闻录二：芙蓉水鬼,6.4,12,1.99,3532
穷途,6.8,107,1.99,4528
暗雨,0,0,1.99,1283
李哲的夏天,0,0,1.99,72
坠,0,0,1.99,320
每个人都有秘密,0,0,1.99,181
爱人永逝,8.0,38,1.99,2425
爷爷的奇妙物语,0,0,1.99,526
癌村,0,0,1.99,316
笔录,7.4,64,0,2306
无边的黑雾 （第三册）,0,0,3.99,1170
荒岛手记,0,0,0.99,731
2071,0,0,1.99,1034
野蛮史,0,0,0,4
唯利是图,6.6,91,1.99,2303
803研究所：复活,8.8,14,1.99,1381
醒来,7.2,208,1.99,6310
回忆和他的朋友们,7.4,11,1.99,974
替死鬼,7.0,12,3.99,2264
同谋,0,0,1.99,137
血旗袍Ⅰ：蚀骨迷情,0,0,2.99,3693
撕裂,8.0,224,0,17811
爱情与阴谋,0,0,1.99,189
狱卒,0,0,3.99,446
逍遥游,6.0,84,1.99,2863
东方列车与谋杀案,5.2,60,1.99,2069
寻找刘文娟,8.2,35,1.99,2286
听雨阁-桃夭篇,0,0,0,7
仙人掌的阴影面积-日常微悬疑系列短篇,0,0,0,123
抓住他,0,0,1.99,123
坠星志,7.8,17,4.99,2234
炉火,6.6,112,1.99,2321
雪咒,0,0,2.99,135
硬化,5.8,113,1.99,3036
鬼话连篇,6.0,49,1.99,1231
重庆面馆,7.0,168,1.99,4187
青蛙,7.0,55,1.99,2280
鬼楼迷云,0,0,1.99,216
克兰多的肯维,0,0,4.99,1523
禁闭之昼,7.8,13,1.99,626
门,7.0,73,1.99,1769
都市卧底,0,0,0.99,258
鬼迷心窍,0,0,1.99,771
阴晴不定,0,0,0,40
梦行者,7.8,25,2.99,1028
假如一切可以重来,0,0,0,351
一个杀手的入行作品,7.0,73,1.99,3565
大道,5.8,112,1.99,3276
连环杀手炼成记,0,0,0.99,1160
迷失之拳,0,0,1.99,588
出鬼,7.2,17,1.99,1419
鬼火灵童,0,0,0.99,437
暗夜谜凶,7.4,14,1.99,189
共犯,6.2,59,1.99,1059
镜月湖综合征,0,0,1.99,2082
阳仔独家/恐怖惊悚奇幻合集/绝对精彩,0,0,0,101
单人电影,7.4,15,1.99,560
除夕夜荒踪,6.4,65,1.99,2190
流浪之王,7.6,21,1.99,1474
马尔克斯的子弹,5.4,50,1.99,2184
酒馆关门之前,0,0,0.99,1034
叠织之影,7.2,11,0,14045
蛊案迷踪,0,0,0,4197
黑色魔方 I 脑洞故事集,0,0,0,72
狐狸游戏,0,0,1.99,225
年华似凶,0,0,1.99,199
健身房谋杀案,0,0,0,340
《暗巷》,0,0,0,1151
AUV440,8.2,165,0,8415
我的朋友是私家侦探,0,0,0,2
7.4,44,1.99,10256486277476302171149317558
边城疑云,8.8,118,0,196255
雨雾天鹅堡,6.4,53,1.99,1490
阳世奸雄,0,0,0,366
好吧，未来,7.2,13,1.99,449
补课,6.8,16,0.99,1914
幻旅,0,0,0,14
七户青丘,7.2,17,1.99,2423
旧街事,7.4,12,1.99,992
恶之花,0,0,1.99,379
概率问题,6.6,176,1.99,5256
死因荒谬,0,0,0,17
异响（下）,0,0,4.99,44
蔷薇开在荆棘亭,0,0,1.99,330
三月三三,0,0,0,104
偷窥者的阴谋,7.0,12,1.99,1059
精神病医生,7.4,186,0,14209
逝者之刺,0,0,1.99,129
你何时归来,0,0,1.99,324
热病科,0,0,0,134
遗弃,0,0,1.99,456
意外杀人事件始末,8.4,340,0,152931
梅纹长颈花瓶,8.0,14,1.99,654
消失的黑天鹅,0,0,1.99,189
倾听者,5.2,45,1.99,921
豪宅风水三日行,6.4,63,1.99,2160
蛇男,0,0,1.99,82
致没有力量的我,0,0,0,3
梦想世界,0,0,1.99,554
征文截稿日,0,0,1.99,988
击杀,0,0,1.99,283
诸神之惑：天问,6.2,160,1.99,7348
食人鱼,0,0,1.99,1117
杀死我,7.2,19,1.99,801
带蝴蝶刺绣的喇叭裤,0,0,1.99,48
人心黑洞,7.2,26,0.99,1221
告别与被告别,0,0,0,3096
狩猎,7.0,18,1.99,2468
阁楼惊魂,6.8,20,1.99,1275
幻象,7.2,18,1.99,1248
2022网络空间历险,0,0,1.99,335
第三天,8.0,45,1.99,8379
校园灵异传说杀人事件,7.4,70,0,63775
首尔午夜追逐的脚步,0,0,0,15860
末日重置,0,0,1.99,170
盛开的鸢尾花之伊甸园之花,7.2,20,2.99,864
风暴中心,0,0,0.99,79
德古拉；吸血鬼伯爵,0,0,0,1
僧门案,0,0,0,88
失眠,0,0,1.99,638
杀人不难,7.2,14,1.99,1946
轮胎,8.0,66,1.99,11704
失控72小时,0,0,0,11899
戒心,0,0,0,35
一杯苦酒,0,0,0,635
沙琪玛,7.2,286,1.99,23146
在最深的恐惧里相遇,6.8,155,1.99,3025
奉城往事Ⅱ,8.2,38,1.99,4318
妖术,7.6,12,0.99,869
无限人间失箸人 -《人民的名义》高育良同人,0,0,0,426
公元1994年的夏天,6.6,43,1.99,809
刀尖之上,0,0,1.99,83
故事应在最精彩的时候结束,6.6,198,1.99,10384
浮华背后,0,0,1.99,139
秘密,7.0,19,1.99,299
野营,6.8,17,0.99,2805
蝼蚁之死,0,0,1.99,212
失联的冠军,6.6,40,1.99,895
暗金,6.6,45,1.99,1224
一切重来,7.4,17,1.99,1375
天使拉结尔之书,0,0,1.99,800
推迟的二十五分钟,0,0,1.99,83
两个混蛋,0,0,1.99,127
最佳监狱,0,0,1.99,73
荒原,0,0,1.99,558
疑路追凶,0,0,2.99,2345
海豚宾馆,0,0,1.99,702
窥视者的悲剧,0,0,1.99,166
阴谋论故事（外一篇）,7.6,19,1.99,1234
十年,0,0,1.99,571
私奔后遗症,6.0,155,1.99,4449
剧作家的书桌,0,0,1.37,242
铁·炎·王,0,0,1.99,26
我是警察,5.8,20,1.99,1244
好久不见,0,0,1.99,244
群星之末前传·六朝案,0,0,1.99,395
看啊，那座遗迹,0,0,1.99,164
不幸存者,0,0,1.99,45
逆流而上：考古奇缘,0,0,1.99,1025
学术工厂,6.0,127,1.99,3157
谁是真凶,0,0,1.99,424
动物聚会,0,0,1.99,194
幽冥天坑惊魂记,5.8,107,1.99,2458
炉石旅馆杀人事件,0,0,0,624
侦相,0,0,1.99,51
伊甸,0,0,1.99,38
公园湖,5.6,41,1.99,739
孑孓者,0,0,1.99,278
借天煞,0,0,2.99,1595
恶念,6.4,45,1.99,1095
八卦迷宫,0,0,1.99,1255
成人犯,0,0,1.99,638
动物园,6.8,11,1.99,831
一小时，一天，一年,0,0,1.99,119
数字杀人游戏,0,0,1.99,823
日光之下,5.4,60,1.99,1041
蚁穴,7.2,39,1.99,821
年月荒唐,0,0,0,120
平安街有人被杀,6.2,47,1.99,1396
从零开始,0,0,1.99,1990
阿措,0,0,0.99,193
惊蛰,7.2,17,0.99,1545
夜色,0,0,2.99,1709
东方食人花,0,0,0.99,214
刺花以冬,0,0,0.99,480
凶劫,0,0,1.99,199
南方,7.8,34,1.99,3116
失踪,6.6,130,1.99,4237
曼陀罗,7.6,11,3.99,3001
真相,6.6,43,1.99,1653
心结,0,0,0.99,0.99,1578
夜雨惊魂,6.6,91,0,5313
书记的囚车,0,0,1.99,529
两面人,6.6,12,0.99,1057
代号鬼影,0,0,0,33
寻人启事,0,0,1.99,190
意识觉醒,7.2,69,1.99,2212
少年催眠师,5.2,36,1.99,961
追凶,7.4,20,2.99,4236
悬念,0,0,0,19216
女生宿舍的笔仙,6.8,370,1.99,37259
孩子的哭声,5.8,54,1.99,1207
整蛊游戏,0,0,3.99,307
人类的救赎镜,0,0,4.99,1063
怪笑面具,7.0,253,1.99,15567
一场虚无中的病,6.6,56,1.99,1201
地下室,6.6,31,1.99,3457
偷车贼,7.2,12,0.99,521
不能进的房间,0,0,1.99,205
意外,0,0,1.99,116
神断宋慈之太学疑案,6.8,16,1.99,310
第二次自杀,4.0,39,1.99,901
两起车祸,0,0,1.99,322
在秋天里出逃,0,0,1.99,10
老宅,6.4,13,0.99,1086
剥离的叶子,7.0,13,0.99,511
女朋友的男朋友,0,0,1.99,488
英雄,0,0,1.99,181
追凶纪,0,0,1.99,683
杀手熊猫,7.8,16,0.99,695
凌晨三点到达,7.4,11,1.99,732
无情剑,0,0,1.99,558
爱的九条命,0,0,1.99,56
凤岗里袭击,0,0,1.99,326
再生,0,0,1.99,1337
法尔城序曲,0,0,1.99,773
情人节次日的出轨调查,7.8,36,0.99,2579
2046,0,0,1.99,567
青阳归,7.6,302,1.99,24100
恋人二对一,0,0,0,96
盛开的鸢尾花之国家的崛起,0,0,0,34
线性几何,0,0,0,3
苦酒难咽,0,0,1.99,328
谍雾迷城,0,0,0,70
被噩梦缠绕的女人,0,0,1.99,94
日光,6.2,129,1.99,2383
周末悬疑酒馆,8.2,52,0,33847
无情游,0,0,0,170
古孜浪尔,0,0,0,55
最后的女王,0,0,1.99,304
物语终焉,0,0,2.99,1630
江波微澜,0,0,0,45
手机,7.2,121,0,14185
寻龙脉,0,0,0,10973
本性难移,0,0,1.99,55
追踪委托人,0,0,0,59
蛇咒,0,0,2.99,133
追凶,6.8,20,0,21268
我驱魔捉鬼的那些年,0,0,0,229
蛾窟惊魂记,0,0,0,299
六扇门,8.8,305,0,1004484
女仆之死,5.0,58,1.99,1013
生与死的人生,0,0,1.99,270
荒芜里电影院,7.4,384,1.99,23556
异志录,0,0,0,122
发财之路,0,0,1.99,213
兰溪怪谈,6.6,31,1.99,3366
真实故事改编计划——斧与锤（商河杀人案）,0,0,0,373
四重罪,7.8,61,1.99,8339
余烬,0,0,1.99,347
空之桥,7.8,36,1.99,1712
白桦镇连续杀人事件,0,0,0,1590
隐藏,0,0,1.99,211
风华绝代,0,0,0,14
桃花沟,0,0,0,1071
烟火人间,0,0,0,31
月寂,0,0,4.99,995
不正经脱口秀,0,0,0,400
七月十四之 修罗转世,7.2,14,0,1851
诡梦录之鬼话连篇,0,0,0,3163
中空地带的爱情,7.2,16,1.99,1145
赴死,0,0,1.99,179
雨的守望,0,0,0.99,144
FIND,0,0,1.99,91
医怨,0,0,1.99,189
那年，我们青春的记忆,0,0,1.99,116
确认者,7.0,265,1.99,11970
K先生之死,0,0,1.99,590
神秘录,6.6,25,0,68435
四个男人,0,0,0,1329
焦土计划,7.8,12,2.99,1541
南梦客栈,8.2,33,0.99,2044
人间失灵,0,0,0,633
蔷薇令,7.2,20,1.99,1410
燃烧,0,0,1.99,344
幸福药方,9.0,117,0,255559
民间灵异录,6.8,38,0,53074
时间的长度,0,0,1.99,1357
恶念背后,0,0,1.99,316
同学会,0,0,1.99,178
最后一场赌博,0,0,1.99,376
无人应答,0,0,1.99,965
对峙,0,0,1.99,421
神圣杰克要玩耍,0,0,1.99,491
谋杀,0,0,1.99,1026
毒锋,7.4,17,4.99,30520
死亡旅馆,0,0,2.99,734
血蔷薇,8.4,22,2.99,3992
奇迹度假酒店,0,0,1.99,354
史书不会记载龙,7.6,37,1.99,1343
路遇,0,0,1.99,985
妒意,0,0,1.99,268
过去的水塘,5.2,62,1.99,3146
公主坟,6.4,42,1.99,4359
厨子的秘密,0,0,1.99,377
这个杀手她很暖,7.4,26,1.99,2009
伊甸园劫案,0,0,1.99,80
脑控少女,0,0,0,2985
杀熟,7.4,16,1.99,1038
是谁撒了谎？,6.6,12,0,4406
猫遇,0,0,0.99,306
窥视,0,0,1.99,228
血色鬼婴,0,0,3.99,454
南方有飘瓦,0,0,1.99,598
无名书,0,0,0,98
杨柳·青蛙·龙,0,0,1.99,106
山鬼：不归雁,7.2,176,1.99,20406
古墓狂蚁,6.2,18,0.99,1675
逃生,0,0,1.99,303
遗书,7.4,37,1.99,2289
迷城凶案（修订版）,0,0,1.00,1.00,648
无边的黑雾(第四册）吞噬,0,0,0,5862
无尽的噩梦,0,0,5.99,1130
榨汁时代,0,0,1.99,125
爱与恨,0,0,1.99,102
病,0,0,0.99,348
医生手记,0,0,0,649
脑控少女,0,0,0,2985
渡鸦,0,0,0,881
我不是疯子,0,0,0,134
重生之影,0,0,1.99,285
未名一,0,0,0,1816
密室,4.2,24,0.99,651
分化,0,0,0,20
出轨疑云,4.8,56,1.99,1379
4.99,349279227100199195199201205199
崧泽妖绘,0,0,0,2062
无名书,0,0,0,98
孤儿 ,0,0,1.99,1161
雪山,0,0,0.99,69
暗号,6.4,59,1.99,1129
古墓狂蚁,6.2,18,0.99,1675
魔鬼爵士,0,0,1.99,254
魔幻城,0,0,0,7
卧轨始末,0,0,0,11
漫长的挽歌,7.4,11,1.99,953
三维作家,0,0,1.99,200
骨惑,0,0,0,61
雾岛怪谈,0,0,0,247
屌丝修仙行,0,0,0,35
骨惑,0,0,0,61
红色头绳,0,0,0,87
屌丝修仙行,0,0,0,35
记忆的恩赐,0,0,0,1010
命运之桥,0,0,0,9
片童,0,0,0,21
饪梦十世,0,0,5.99,147
重生之影,0,0,1.99,285
未名一,0,0,0,1816
密室,4.2,24,0.99,651
4.99,349279227100199195199201205199
残酷童话,0,0,0,29
孤儿 ,0,0,1.99,1161
4.99,352285218223220222220214207209
雪山,0,0,0.99,69
魔鬼爵士,0,0,1.99,254
无名书,0,0,0,98
崧泽妖绘,0,0,0,2062
奇奇怪界,0,0,0,6620
猫奴,0,0,0,27
裸体婴儿,0,0,1.99,1222
终极幻想,0,0,0,8
过去心不可有之西域神剑,0,0,0,16
桃花小铺,0,0,0,11
困惑的陈先生和七重境界,0,0,0,12
都市短篇悬疑系列,0,0,0,113
一个人的日常冒险,0,0,0,179
猫奴,0,0,0,27
裸体婴儿,0,0,1.99,1222
终极幻想,0,0,0,8
过去心不可有之西域神剑,0,0,0,16
桃花小铺,0,0,0,11
困惑的陈先生和七重境界,0,0,0,12
都市短篇悬疑系列,0,0,0,113
一个人的日常冒险,0,0,0,179
猫奴,0,0,0,27
裸体婴儿,0,0,1.99,1222
终极幻想,0,0,0,8
过去心不可有之西域神剑,0,0,0,16
练习,0,0,0,9
残酷的蜕变,0,0,0,808
桃花小铺,0,0,0,11
方元,0,0,0,18
视灵,0,0,0,4
探宝奇兵之寻找蜀国最后的宝藏,0,0,0,71
困惑的陈先生和七重境界,0,0,0,12
都市短篇悬疑系列,0,0,0,113
一个人的日常冒险,0,0,0,179
开到荼靡,0,0,0,9
流剑映雪,0,0,0,178
谁还带着赴的因为,0,0,0,349
玻璃会说话,0,0,0,12
破 诡,0,0,0,25
不再此继续更新,0,0,0,119
7.50,444311187523948
天公地道,0,0,0,1479
跟踪者,0,0,0,19
意外,7.4,15,1.99,667
十月故事,0,0,0,31
抢劫珠宝店,6.4,92,1.99,3924
兰舟志怪记,0,0,0,35
红衣男孩,0,0,0,2604
神都魊妖记,0,0,0,138
夜半琴音,0,0,0,23
子夜谭,0,0,0,49748
都市奇异录,0,0,0,13006
不存在的恋人,0,0,0,2740
鹿迢迢的深夜故事——奇报悬案,0,0,0,16
咕咚,0,0,0,39
2000个秘密,0,0,0,117
液化,0,0,0,284
易经密码,0,0,0,24
【惊悚】月寂人静系列之寂静乐园,0,0,0,81
大明推官,0,0,0,18
唐门III,0,0,0,17
烈火青春,0,0,0,16
半载咒,0,0,0,5
4号公寓,0,0,0,261
来自阴间的新娘,0,0,0,107
我已在人间炼狱里,7.2,14,1.99,837
归宗,0,0,0,2554
福茉思与华笙,0,0,0,173
九阴刹体,0,0,0,12
【惊悚】月寂人静系列之寂静乐园,0,0,0,81
唐门III,0,0,0,17
民国疑案 -- 洋楼与公寓,0,0,0,28
半载咒,0,0,0,5
云烟往事,0,0,0,44
我已在人间炼狱里,7.2,14,1.99,837
鹿迢迢的深夜故事——奇报悬案,0,0,0,16
咕咚,0,0,0,39
窒息,0,0,0,1498
回环,0,0,0,7
布谷鸟的独白,0,0,0,10
三幕论,0,0,0,37
夏天的秘密（原名：毕业季的秘密）,0,0,0,94
九阴刹体,0,0,0,12
【惊悚】月寂人静系列之寂静乐园,0,0,0,81
唐门III,0,0,0,17
《碰触》,0,0,0,17
我已在人间炼狱里,7.2,14,1.99,837
探灵小分队,0,0,0,86
撰纸,0,0,0,1529
境外犯罪调查处,0,0,0,323
虚构的恋人,0,0,0,549
大唐余韵,0,0,0,76
幽灵船,0,0,0,27
纽伦克之六梦阁,0,0,0,10714
魅梦,0,0,0,49
逃离,0,0,0,27
树城,0,0,0,71
马文的德国世界,0,0,0,7
忏悔,0,0,0,95
情书神隐,0,0,0,19
盗墓：涅槃之轮回,0,0,0,79
双面魔,0,0,0,23
囹圄,0,0,0,218
执着者,0,0,0,15
《寻妖记》,0,0,0,73
境外犯罪调查处,0,0,0,323
忏悔,0,0,0,95
虚构的恋人,0,0,0,549
大唐余韵,0,0,0,76
幽灵船,0,0,0,27
魅梦,0,0,0,49
树城,0,0,0,71
执着者,0,0,0,15
情书神隐,0,0,0,19
盗墓：涅槃之轮回,0,0,0,79
囹圄,0,0,0,218
逃离,0,0,0,27
渔夫怪谈,0,0,0,292
《碰触》,0,0,0,17
杀手,0,0,0,230
影子天使,0,0,0,6516
眼睛或一假期的死亡,0,0,2.99,351
玄幻小说毁了我的朋友之沧济市的堂吉诃德,0,0,0,22
饮雪•桃花春水里,0,0,0,32
我若成殇,0,0,0,2064
人皮鼓,0,0,1.99,219
第九节车厢,0,0,0,52
十九级风暴,0,0,0,377
1.99,169454439373736323333
动物嘉年华,0,0,0,189
白领巾少年,0,0,0,429
妄想少女,0,0,0,387
狐城名猎,0,0,0,8
灵魂契约：孤独之殇,0,0,0,453
毒姬,0,0,0,17
《极地猎人》,0,0,0,295
王非雪从不开口说话,0,0,0,36
宇宙催眠师 第三章 苏醒之州,0,0,0,93
《极地猎人》,0,0,0,295
宇宙催眠师 第三章 苏醒之州,0,0,0,93
毒姬,0,0,0,17
《净化论》,0,0,0,81
灵魂契约：孤独之殇,0,0,0,453
紫雾,0,0,0,33
王非雪从不开口说话,0,0,0,36
夏娃与亚当,0,0,0,22
执刀,0,0,0,22
捕尸四少,0,0,0,37
长篇奇幻历险小说《海豚》,0,0,0,120
女警与武士的奇缘,0,0,0,826
北纬三十度,0,0,0,62
星光下的暗影,0,0,0,76
谁催眠了这个世界,0,0,0,17
之姜的三两事,0,0,0,23
黑巫覡番外：十七年蝉,0,0,0,60
次元行者,0,0,0,130
生命管理局,0,0,0,96
倩魂君伶,0,0,0,712
王文故事集,0,0,0,109
《小山蝇历险记》(作者；易显寒),0,0,0,134
死者的推理,0,0,0,695
灵魂契约：孤独之殇,0,0,0,453
灵魂独白,6.0,79,1.99,3664
须弥幻镜,0,0,1.99,486
永不瞑目的头颅,0,0,0,958
半兵卫与茉莉（下）,0,0,0,19138
虫尸,0,0,0,2295
鱼缸,0,0,0,260
金子班杀人事件,6.0,61,1.99,1229
5.99,2281331001033427100192114
学院异志录,0,0,0,6928
涅,8.6,51,1.99,3308
风波,0,0,1.99,62
废城,6.6,290,1.99,18205
弥罪,0,0,0,12352
盒中戏,0,0,0,1402
12321321312312c,0,0,0,482
爱比死更冷,0,0,0,2619
猫古送燃记,0,0,0,4994
南宋异事,0,0,0,2282
大学生侦探推理故事集,0,0,0,1543
螃蟹干死在棋局中,7.0,14,1.99,999
未来史诗2137,0,0,0,622
平行宇宙,0,0,0,52
我并不是一个人,0,0,0,199
《杀死那只圣鹿》,0,0,0,59
三伏消暑限定,0,0,0,28
火木童子,0,0,0,296
莫里哀的悲鸣,0,0,0,11
生死轮神通传：血洞,0,0,0,185
火木童子,0,0,0,296
安魂曲,0,0,0,174
生死轮神通传：血洞,0,0,0,185
食道美肉,0,0,0,35
魔幻小镇之追凶,0,0,0,41
逐影人,0,0,0,66
坠楼,0,0,0,19
死亡领袖,0,0,0,140
这个杀手有点白,0,0,0,1548
人民复印资料,0,0,0,120
玉玲珑,0,0,0,85
机器灰尘,0,0,0,44
平淡间,0,0,0,5
猎物惊奇,0,0,0,275
四号死亡事件簿,0,0,0,146
江夏特务司,0,0,0,730
签言录,0,0,0,79
重生,0,0,0,43
同学戮,0,0,0,1765
写在掌心里的预言,0,0,0,38035
明见万里,0,0,0,39
龙战于野,0,0,1.99,138
鱼缸,0,0,0,260
自杀备忘录,0,0,0,450
没有人给他写信的阿昌,7.8,19,1.99,1629
人间疑犯,0,0,0,453
阿妓,0,0,0,1786
八百比丘尼之茧,7.0,440,1.99,31068
脑洞进化指南,0,0,0,20
秋天来了我们就欢娱而死,0,0,0,1073
6.99,111705145434545444547
赶尸匠,0,0,3.99,961
恶之海,0,0,0,224
海吃了男孩,0,0,0,11
人间漂流记之现在,0,0,0,613
吴警官系列,0,0,0,45
声埋,0,0,0,93
猎物,0,0,0,256
向日葵之石,0,0,0,16
百字故事奇谈,0,0,0,125
机器灰尘,0,0,0,44
再见多巴胺,0,0,0,599
摩罗后裔。荒域幻城,0,0,0,140
钉子户,0,0,0,129
一只特立独行的蛙,0,0,0,46
等你死了來我店裡喝杯咖啡,0,0,0,34
103宿舍：丧尸入侵回忆录,0,0,0,88
无处安放的眼睛,0,0,0,72
海内奇闻录之东望山（修订）,0,0,0,46
心结,0,0,0,340
世界的原形,0,0,0,316
贞观前夜,0,0,0,134
向日葵之石,0,0,0,16
地狱超特快列车,0,0,0,302
殇歌乱,7.6,30,10.99,2858
一只特立独行的蛙,0,0,0,46
海内奇闻录之东望山（修订）,0,0,0,46
心结,0,0,0,340
世界的原形,0,0,0,316
贞观前夜,0,0,0,134
向日葵之石,0,0,0,16
地狱超特快列车,0,0,0,302
殇歌乱,7.6,30,10.99,2858
一只特立独行的蛙,0,0,0,46
灵异研究所系列,0,0,0,43
王家村怪异故事,0,0,0,89
小树林谜案,0,0,0,31
黄金眼,0,0,0,21
解谜者之误判,0,0,0,114
人之间——短篇故事集,0,0,0,103
养鬼师,0,0,0,28
植物人之旅,0,0,0,34
木头人游戏,0,0,0,1244
行者李穆,0,0,0,924
石头村聊斋,0,0,0,16290
王家村怪异故事,0,0,0,89
非正常拍摄,0,0,0,1604
黑昼,0,0,0,1072
1.99,1175870758748730721712712684670
心刑,0,0,0,1025
封魂戒,0,0,0,78
8.4,67,3.00,28062507238824282447695607660612595
养鬼师,0,0,0,28
破碎的旋律,0,0,0,362
丙戌年七月半,0,0,0,33
镖门诡事之会说话的骨灰坛子,0,0,0,277
1.00,786754525712258131862
绑架背后的深渊,0,0,0,60
诡故事不是鬼故事,0,0,0,291
凶病,0,0,0,84
十年有期,0,0,0,270
深渊世界,0,0,0,56
绑架游戏,0,0,0,28
黑昼,0,0,0,1072
城市怪谈,0,0,0,1473
第三十三封信,0,0,1.99,292
巡夜书——BX计划三部曲,0,0,0,4350
Mr.特斯拉的助手不高兴,0,0,0,215
皇甫王帅的亲身经历1,0,0,0,9
蓐女之潜,0,0,0,460
宫城,0,0,1.99,387
秀逗嘛,0,0,0,77
青铃记,0,0,0,39
《水塘》,0,0,0,63
拯救柳然,0,0,0,138
木头人游戏,0,0,0,1244
行者李穆,0,0,0,924
石头村聊斋,0,0,0,16290
心刑,0,0,0,1025
集异花环,0,0,0,17
诡故事不是鬼故事,0,0,0,291
黑昼,0,0,0,1072
非正常拍摄,0,0,0,1604
1.99,1175870758748730721712712684670
古怪集,0,0,0,42
封魂戒,0,0,0,78
8.4,67,3.00,28062507238824282447695607660612595
时光偷渡人,0,0,0,10
冷冬,0,0,0,209
归途月光,0,0,0,125
天堂不会下雪,0,0,0,424
寻找蝴蝶的夜晚,0,0,1.99,675
铃星孤煞,7.8,12,1.99,1725
失魂,0,0,0,28
乡村诡异故事集,0,0,0,2459
梅花镇，一座存在于画卷里的鬼镇,0,0,0,186
集异花环,0,0,0,17
温柔的惩罚,0,0,0,51
心锁,0,0,0,153
下昼,0,0,0,22
D侦探社,0,0,0,101
破碎的旋律,0,0,0,362
“惊悚夜”酒馆,0,0,0,47
乌鸦嘴家族,0,0,0,61
金田一同人推理小说,0,0,0,77
月光,0,0,0,70
《镜子》,0,0,0,7
呛椒干探 II,0,0,0,322
案情在继续,0,0,0,1273
双生,0,0,1.99,420
1.00,786754525712258131862
校园侦探,0,0,0,94
阳光下的罪恶,7.2,67,1.99,3245
沧浪,0,0,0,175
城市怪谈,0,0,0,1473
夜行者,0,0,0,188
深渊世界,0,0,0,56
蓐女之潜,0,0,0,460
重生,0,0,0,92
宫城,0,0,1.99,387
孤岛长城杀人事件,0,0,0,1865
月光,0,0,0,70
“惊悚夜”酒馆,0,0,0,47
女巫童话,0,0,0,34
金田一同人推理小说,0,0,0,77
《镜子》,0,0,0,7
零九,0,0,0,10
魔物回天,0,0,0,2893
沧浪,0,0,0,175
案情在继续,0,0,0,1273
滁州案,0,0,0,325
双生,0,0,1.99,420
重生,0,0,0,92
游魂记,0,0,0,117
呛椒干探 II,0,0,0,322
夜行者,0,0,0,188
校园侦探,0,0,0,94
乌鸦嘴家族,0,0,0,61
阳光下的罪恶,7.2,67,1.99,3245
孤岛长城杀人事件,0,0,0,1865
《民国探奇录》,0,0,0,30
别理,0,0,0,9
别理,0,0,0,9
半兵卫与茉莉,0,0,0,339688
《相思禅》,0,0,0,129
某小说,0,0,0,357
黑名单,0,0,1.99,146
鬼差记事节选,0,0,0,191
给爸爸的礼物,6.2,130,1.99,3231
遗忘,0,0,0,10230
乌兰巴托惊魂记,0,0,0,1042
6.99,1472419202212662020
你的身体是个仙境（梦马篇）,7.0,21,0,2243
追梦党,0,0,0,1983
向死而生,0,0,1.99,917
再见乌子园,0,0,1.99,625
星月之泪,0,0,0,103
“惊悚夜”酒馆,0,0,0,47
乡尸,0,0,0,101
夜色,0,0,0,5539
金田一同人推理小说,0,0,0,77
魔物回天,0,0,0,2893
觉醒,0,0,0,25
案情在继续,0,0,0,1273
在繁星熄灭的街道,0,0,0,555
双生,0,0,1.99,420
孤岛长城杀人事件,0,0,0,1865
阳光下的罪恶,7.2,67,1.99,3245
犀牛之死,0,0,0,1034
如何做出世界上最伟大的烤肉,0,0,0,248
夜行者,0,0,0,188
荒庵墓影,0,0,0,88
秋蓝,0,0,0,11
那些鬼神之事教会我们的道理,0,0,0,17
罪爱之都,0,0,0,255
灯塔怪谈,6.6,15,1.99,462
普兰塔琪纳特之匣,7.4,156,0,734
黑色故事,0,0,0,956
恶门,0,0,0,762
不知者，有罪,0,0,0,361
十三弦,0,0,0,273
民安街188号,5.4,36,1.99,917
是谁在夏天疯掉,0,0,0,29
我变成了谁,0,0,0,1921
雾锁河渡,0,0,1.99,34
古银杏,0,0,0,510
寻找少女玄遥,7.2,17,1.99,469
梅花戏,0,0,0,2079
理智与激恋,0,0,1.99,80
三百性事,0,0,0,104
想当初年少赴江湖,0,0,0,56
遗忘天国,0,0,0,281
极地魅影,0,0,1.99,769
他们与她,0,0,0,3495
伪灵异故事集,0,0,0,181
星月之泪,0,0,0,103
夜色,0,0,0,5539
觉醒,0,0,0,25
在繁星熄灭的街道,0,0,0,555
自序书,0,0,0,55
冷血世界,0,0,0,137
如何做出世界上最伟大的烤肉,0,0,0,248
荒庵墓影,0,0,0,88
秋蓝,0,0,0,11
那些鬼神之事教会我们的道理,0,0,0,17
乡尸,0,0,0,101
新一千零一夜,0,0,0,195
暗黑维度,7.6,12,0,12942
克苏鲁的实验,0,0,0,57
怪圈死城,0,0,0,48
夜雾昙花,0,0,0,262
九生秘,0,0,0,126
《教师的逃亡计划》,0,0,0,23
寻凶,0,0,0,1681
众生黑相,0,0,0,119
英雄出山,0,0,0,1225
众生黑相,0,0,0,119
算命学原理,0,0,0,12300
Transient ghost,0,0,0,50
回生酒,6.6,232,0,10195
敷冰录,0,0,0,2280
黑羽白沙,0,0,0,1315
2020,0,0,0,1122
极漠的式白寺,0,0,0,80
冰窟里的男人,0,0,0,164
攻陷紫禁城,0,0,0,5202
怪谈新语,0,0,0,5229
一封信的秘密,0,0,0,531
《凿空记》,0,0,0,136
海上之狼 ,0,0,0,2645
2.00,1511148172756864717071
意外的真相,0,0,0,2764
镜子中的梦魇,0,0,0.99,303
杀死那个好人,0,0,0,520
盲昼／七日歌,0,0,0,1348
鱼城,0,0,0,60
三个痞子传奇,0,0,0,218
剩女公寓,0,0,0,62
弈子明的悬聊集,0,0,0,32
视障,0,0,0,7
狗猫鼠游戏,0,0,0,91
飞蛾之刃,0,0,0,337
缸中煮脑,0,0,0,670
看不见的同窗,0,0,0,3360
视障,0,0,0,7
啤酒故事,0,0,0,56
看不见的同窗,0,0,0,3360
狗猫鼠游戏,0,0,0,91
夜听风,0,0,0,1048
啤酒故事,0,0,0,56
视障,0,0,0,7
啤酒故事,0,0,0,56
看不见的同窗,0,0,0,3360
守望者,0,0,0,94
浮尸,0,0,1.99,171
教师单人团,0,0,0,36
荒岛疑云,0,0,1.99,210
民间诡事录,0,0,0,36
玉井村事,0,0,0,25
陆执,0,0,0,52
极速恐慌,0,0,0,20
密孩,0,0,0,124
逐鹿江州,0,0,0,3277
因果与弱决定论,0,0,0,106
死亡日记,0,0,0,91
凝视之瞳·缺失,0,0,0,32
他们的精彩人生,0,0,1.99,477
岳茫记,0,0,0,17
白音华的天空,0,0,0,28
八重樱之乱,0,0,0,306
受害人和她的家属,0,0,1.99,57
78号邮车,0,0,0,294
青空文库翻译计划,0,0,0,104
坠入凡间,0,0,0,16
冤影：恐惧的艺术,0,0,0,337
被迫回忆,7.6,48,0,3897
陆执,0,0,0,52
傅拉失踪分析报告,0,0,1.99,168
惊梦觉,7.8,16,0,49882
悬棺寻宝,0,0,1.99,124
刀入鞘,0,0,0,2914
耽溺二手家具的女人,6.2,68,1.99,1574
探险日记之山海秘境,0,0,0,4354
三 天,0,0,1.99,154
眠,7.2,125,1.99,3429
他们的精彩人生,0,0,1.99,477
同学会七十二小时,7.2,14,1.99,416
你一定要相信春天,7.4,14,0,16242
北京千年蜥蛊,0,0,0,1184
怪书奇谭,0,0,0,923
受害人和她的家属,0,0,1.99,57
偃城纪,0,0,0,5266
那些梦呓,0,0,0,2961
荒原煞星,0,0,0,989
杀人游戏,0,0,0,15346
恶性水鬼,8.0,42,1.99,1640
睡莲,0,0,0,873
无言的结局,7.4,11,1.99,795
怪谈搜奇,0,0,0,8596
NIRVANA I,0,0,0,2090
刺骨前行,0,0,0,796
秽,7.8,15,0,14487
冰城谜金,0,0,1.99,32
夺命桃花,0,0,0,77
睡眠事务所,0,0,0,1686
神牌游戏,0,0,0,104
下黄庄没有新闻,0,0,0,14
45034531329529829685857862
天使的救赎,7.2,20,0,6221
赫尔辛基的晨星,0,0,0,531
高原秘境,0,0,0,14165
0.29,6531323291234252826
恶魔工坊,0,0,0,133
半神之证,0,0,0,120
天使草,0,0,0,302
8Bits的猩红眼羊男,0,0,0,937
机器生物清56的觉醒,0,0,0,15
小黑鲸的二十七个幻想故事,0,0,0,110
白色玉兰花（连载版）,9.0,64,0,82786
花房世界,0,0,0,15
葬衣,0,0,0,157
前路,0,0,0,334
雷霆出击,0,0,1.99,781
逃离东京都,0,0,0,87
真实或不真实的灵异故事,0,0,0,51
无边的黑雾（第二册）,0,0,0,18931
每个灵魂都有一片伤,0,0,0,134
江湖奇案之八月十五,0,0,0,121
鬼斧龙泉,0,0,0,124
末日狂想曲,0,0,0,77
夜间的康塔塔,0,0,0,13
无言的结局,7.4,11,1.99,795
怪谈搜奇,0,0,0,8596
长着尾巴的者筱麦,0,0,0,1360
风之子,0,0,0,134
幸存者,0,0,0,438
秽,7.8,15,0,14487
夺命桃花,0,0,0,77
睡眠事务所,0,0,0,1686
陶笛,0,0,0,1637
神牌游戏,0,0,0,104
0.29,6531323291234252826
致命关系,0,0,0,2056
NIRVANA I,0,0,0,2090
天使的救赎,7.2,20,0,6221
《三小时对话》,0,0,0,2800
刺骨前行,0,0,0,796
暗,0,0,0,46
完美的犯罪,7.2,15,0,28831
数据迷城,5.2,57,1.99,1384
半神之证,0,0,0,120
中产阶级邻居,0,0,1.99,472
寂寞至死,0,0,0,8642
杀死这个懦夫,8.2,27,2.99,1679
天国宝藏,0,0,0,378
寄生,8.2,50,0,55526
腐之花,0,0,0,645
吸血鬼事件,0,0,0,1011
白鼠病毒,0,0,0,226
通古斯河畔的金百合,0,0,2.99,104
造访自然之奇遇,0,0,0,510
旧货店诡事,0,0,0,8431
貔貅玦,6.6,35,1.99,986
350256211199206180183175170157
扭盘射手,0,0,0,1528
把天堂挪到地上,0,0,0,777
荒陆狂砂,0,0,0,6973
北京妖异志,0,0,0,18487
梦魇之救赎,0,0,0,163
十六夜的奇迹,0,0,0,178
睡前故事,0,0,0,307
黑暗故事,0,0,0,59
莫比乌斯,0,0,0,24
罪案谜踪前传：蝶甬杀人案,0,0,0,203
唐人街探案番外篇——Q的现身,0,0,0,313
淘汰集,0,0,0,98
异空感应,0,0,0,23
尘影1948,0,0,0,95
天网,0,0,0,159
权力春药,0,0,0,5542
睡前故事,0,0,0,307
莫比乌斯,0,0,0,24
黑色童话,0,0,0,212
罪案谜踪前传：蝶甬杀人案,0,0,0,203
唐人街探案番外篇——Q的现身,0,0,0,313
无国籍,0,0,0,203
淘汰集,0,0,0,98
异空感应,0,0,0,23
尘影1948,0,0,0,95
天网,0,0,0,159
无国籍,0,0,0,203
权力春药,0,0,0,5542
睡前故事,0,0,0,307
莫比乌斯,0,0,0,24
黑色童话,0,0,0,212
罪案谜踪前传：蝶甬杀人案,0,0,0,203
唐人街探案番外篇——Q的现身,0,0,0,313
《怪诞村》：土匪、军阀、村民究竟谁是戏精,0,0,0,32
毕业前,0,0,0,3932
淘汰集,0,0,0,98
黑暗故事,0,0,0,59
十六夜的奇迹,0,0,0,178
《十点半的地铁 · 怪奇物语》,0,0,0,31
黑暗故事,0,0,0,59
《十点半的地铁 · 怪奇物语》,0,0,0,31
饕餮会馆,0,0,0,1546
幽影夜行,0,0,1.99,104
深夜灵堂,7.6,14,0,3404
林中巨船,7.2,254,1.99,16749
6.99,146661346531344333
无涯之舟,0,0,0,967
脑颅中的多巴胺,0,0,0,815
阁楼密语,6.6,16,1.99,887
沉舟记,0,0,0,658
TimeNote,0,0,0,1268
我的三色世界,0,0,0,483
超验爱,0,0,0,198
湄洲少年往事,0,0,0,524
驱鬼,6.6,22,1.99,982
5.80,12312413953494844454342
7命,0,0,1.99,288
星空,0,0,1.99,100
鱼纹之泣,0,0,0,2014
弃卒镖局,7.6,19,0,6870
2.99,54413430272625353
膝中之戒,0,0,0,340
判官,0,0,0,30
鱼纹之泣,0,0,0,2014
孤桐岭,0,0,0,62
我的三色世界,0,0,0,483
湄洲少年往事,0,0,0,524
7命,0,0,1.99,288
月踪II：四国记,0,0,0,518
心里有诡,0,0,0,24
2.99,54413430272625353
大明诏,0,0,0,6
大明诏,0,0,0,6
判官,0,0,0,30
心里有诡,0,0,0,24
孤桐岭,0,0,0,62
月踪II：四国记,0,0,0,518
九日,0,0,1.99,192
寻陵记,0,0,0,3157
黎明前的忏悔,0,0,0,2307
拘魂录,0,0,0,26769
迷离契约,0,0,0,610
被偷走的影子,6.8,16,0.99,718
迷雾,0,0,0,70
归于尘土,0,0,0,404
青林旧事,0,0,1.99,25
9.6,115,6.00,118331014999499865983898359786976397619753
端午,0,0,1.99,318
浮世惊奇,0,0,0,13810
捕捞记忆,0,0,0,14922
杀死九只猫,0,0,0,2489
冰箱里的舅舅,6.2,14,1.99,1148
殇歌乱I,7.4,27,0,106802
月亮之眼,0,0,0,33
35920218253
心理有诡,0,0,0,15298
每晚一则身边灵异,0,0,0,30
《丧心往事》,0,0,0,20
双子,0,0,0,12
《从南到北》,0,0,0,143
生死城,0,0,0,26
关键词游戏系列,0,0,0,11
