一个人的性,6.6,23,3.99,15019
爱的正反面,8.2,23,2.99,6479
7天治愈拖延症,7.8,2164,5.00,363152
情感问答,9.0,1770,1.99,215641
你不许变心,8.2,21,0.99,0.99,1652
你活在人间，便要狠狠去爱,7.4,20,1.99,2726
与众不同的心理学,9.0,69,0,55806
情感问答 2,9.2,986,1.99,115090
情感问答 3,8.8,130,1.99,31151
黑色大门,9.6,81,2.99,12176
百日巴黎,0,0,0,447
论文艺女青年如何培养女王气场,7.0,1278,1.99,145172
好好思考：21堂高情商思维课,0,0,0,1461
来，我们谈谈情，说说爱，找找自我,8.8,95,1.99,9722
52 个改变,8.4,582,0,97899
女友挽回手册,8.8,103,9.90,13784
i 问连岳·1,8.4,231,1.99,18658
与人相处那些事,9.2,87,0,229706
锦瑟记--------流年里的唐诗宋词,0,0,0,215
女友调教手册（修订版）,7.8,557,1.99,89501
我不是教你诈：女生该怎么恋爱,8.2,138,0,9145
我的老公是意大利人,0,0,0,512
不一样的性和爱以及恐惧,7.8,204,1.99,14880
走神（上）,8.2,136,1.99,17993
看电影学心理学,9.0,19,0,53489
十六周的人生蜕变,8.2,1143,5.99,106037
单吊一味,9.4,29,2.99,4512
请珍爱这样的自己,9.2,18,3.99,6497
深夜的呼吸,7.4,60,1.99,2702
老爸，我是自己长大的好吗？,8.8,31,0.99,2354
香港求学记,7.2,45,0.99,3353
女人，你为什么而怒？,9.4,64,0,146468
从男票到老公,9.4,40,0,45973
海上花又开，谋生复谋爱,8.0,17,0,9955
写作，最有效的个人成长方式,0,0,0,2232
我是鸡汤·2,8.6,74,2.99,6425
养鸟记,7.6,23,1.99,1079
9.4,284,1.00,35224290042656230123254882534123731239482259522837
男女战争,0,0,3.99,1688
把日子过成雷同,8.8,23,1.99,4181
暴食症自愈手册,8.0,24,0,89666
你懦弱 你凶悍,0,0,0,2843
你可以拥有你想要的生活,8.8,1265,0,8493121
8.0,34,1.99,8016786678681235111310261029939909910
没有人给我写信,0,0,1.99,889
心灵源头绘画,0,0,6.00,1492
行走中的思考者,0,0,0,223
立竿见影的战拖术,8.8,36,0,24310
我爱你，但不会上瘾,8.6,111,0,54216
走神（下）,8.6,62,1.99,7330
20出头的孤傲与淡漠,8.4,21,0,250684
徒步去西藏,0,0,0,29168
爱之罪,8.6,66,3.99,6078
请珍爱这样的自己,9.4,80,0,143678
泊罅记,8.6,85,0,4856
怎样谈一场不分手的恋爱,8.2,229,0,349005
从小到大身边的爱情故事,0,0,0,21
战拖五步法,8.2,89,1.99,8877
冷眼观爱,7.6,39,0,380654
美力女性主宰命运,9.6,34,0,85102
极简主义•理念,9.0,325,0,68877
无脑记,0,0,0,20
纯白恋曲（散文诗集）,0,0,0,3616
一位隐居大理的交易员,0,0,0,60
我们该如何脱离苦海,0,0,1.99,943
90天彻底改变你的自制力,7.4,22,1.99,3878
予妹文,7.4,472,0,18880
8.0,53,5.99,36745309742999930403435033993542330132122946
187817611725173217278110673961
断舍离日记,8.8,68,0,72509
心心斋之婚恋解密,6.0,14,4.99,822
任性的姑娘你凭什么幸福,9.2,254,0,129771
孤独出没之处，七步必有解药,8.2,11,1.99,1568
论“单身狗”的诞生,0,0,0,29122
独立音乐人故事100篇,0,0,0,2
青石巷,0,0,1.99,492
至-曾经放不下某人的我们,0,0,0,498
i 问连岳·2,9.0,102,2.99,8260
长沙LGBT的彩虹生活,0,0,0,280
爱情的正确打开方式,7.8,61,0,295384
关于霍乱时期的爱情,0,0,0,342
如何疗愈原生家庭中的爱与痛,0,0,2.99,2439
10.00,319024502410700632612572562545553
锵锵爱情观,0,0,0,3414
识男手册,7.2,144,0,679416
爱的正反面,8.0,14,0,42184
十大行星落十二宫位,0,0,0,178
纷乱的思绪,0,0,0,49273
星座心理学,0,0,0,8487
我的努力让我舍不得亏待自己,8.8,63,0,151194
女性心理成长自疗课,7.4,18,0,90376
当下,0,0,0,41
谈恋爱： 你应做女王而不是公主,7.8,215,0,325285
高三生活备忘录,0,0,0,97
食色幸也,0,0,0,56
i 问连岳·4,9.0,78,2.99,7403
白鲸事,0,0,0,75
我是女人,0,0,0,938
零度以下的温暖,6.2,19,0,1328
感情说说,0,0,0,7
我俩刚结婚,0,0,0,1662
北京的春秋与悲喜,0,0,0,2734
悠悠娘家事,8.0,13,0,57584
6.60,271624972560371356331291308270348
荒芜废墟,0,0,0,2216
更好的父母，更好的自己,0,0,0,873
感情与金钱,8.2,51,0,116627
在上海和一个没有工作的小屁孩谈论人生故事,0,0,0,48
病人与它 关于遇见你,0,0,0,25
教你搞定身边人,8.0,15,0,19394
只想遇到一个你,0,0,0,62155
食爱而肥,9.6,197,0,406844
纽约寻爱记 （第二季）,0,0,0,2437
我的生活是一部日剧,0,0,0,1620
国产电影系列评论,0,0,0,6
i 问连岳·3,9.2,82,2.99,8986
心理沙龙分享会,0,0,0,6492
100个追逐热爱的故事,0,0,0,33
我无法恋爱的理由,8.6,77,0,38667
做最好的自己,0,0,0,726
一个60后的真实人生【第二部】,0,0,0,13428
19.00,4214354933323221309135901040994827869
民国那些女子的爱情故事,7.4,21,0,29477
100593378579389
人生三十,0,0,0,7
左手爱情 右手婚姻,7.6,11,0,1643
我在私立学校做老师,0,0,0,140
可乐软糖和新鲜菠萝蜜,0,0,0,6
另类女性,9.2,68,0,24947
红蜻蜓飞过的夏天,0,0,2.99,1792
人生玩家,8.4,32,0,163453
1647100895979210914478545239
遇见师父,0,0,0,11
慢慢来会比较快,0,0,0,14
如何疗愈原生家庭中的爱与痛,0,0,0,1467
23个悲伤的爱情故事,0,0,0,11450
活在生活之外,0,0,0,296
怎样成为一个好老师？听百位基层教师讲故事,0,0,0,192
胡诌八扯,0,0,0,47
分手后我们能做些什么？,8.0,40,0,30242
潘帕斯没有你,0,0,0,5
辞职以后的100种活法,7.8,23,0,30236
一人、一食、一世界,0,0,0,2090
生命从尘埃中开出一朵花,7.6,13,0,3663
爱与亲密的成长自疗课,7.8,14,0,38458
爱情撞上心理学,9.0,23,0,16199
活在生活之外,0,0,1.99,886
回头啊，我还在看着你,0,0,0,8
我的孩子也许是个正常人,0,0,1.99,62
七夕不睡觉,0,0,0,16
4.99,339629281954639464334303282319401
走出你的舒适区,7.6,24,0,80807
盘丝洞一千零一夜故事,0,0,0,2
写在脸上的智慧,7.8,29,0,26902
你可以活得更像自己，只要你愿意,7.0,15,0,63115
这世界的热闹与我无关,0,0,0,67
“话痨大神”伍迪•艾伦电影中的现实“病”,0,0,0,12
总有一句歌词打湿你心,8.2,145,0,272741
想对这个糟糕的世界说点什么,0,0,0,10596
时间的针脚,0,0,0,39
大话诗游,0,0,0,4
于飞心理疗愈,0,0,0,9956
难言之隐,0,0,0,130
做梦吧，管他呢,0,0,0,22
当代青年生活指南,8.6,96,0,49497
会忘掉这些人吗,0,0,0,4
金庸教你女追男,0,0,0,8740
村庄,0,0,0,2457
30岁以后，我们才开始懂事,0,0,0,28
全职妈妈时间管理,0,0,0,163
一个60后的真实人生,7.6,12,0,37287
带你逃离内心瘟疫,0,0,0,13481
猫言喵语,7.6,28,0,34649
消失集,7.8,23,0,30274
浪费纪事,0,0,0,7
时光书店,0,0,0,3996
少年时,9.8,38,0,18766
我与港大,0,0,0,85
我不上班的理由,0,0,0,449
我在英国这一年,7.6,16,0,109498
灯塔、等她,7.8,12,0,4877
你的善良必须有点锋芒,0,0,0,408
“战拖”新知,8.2,41,0,37563
那些你未曾听到的情话,0,0,0,11
早安收信人,0,0,0,9
爱好自己，才能爱好别人，才能快乐对待爱情,0,0,0,5030
生活如茶，情感似酒,0,0,0,814
社交恐惧微问答集,0,0,0,385
4.99,75767050704360141166814734934763793
我的第一个百万英镑！,0,0,0,407
心理学八卦集,8.2,33,0,13344
从北大到高盛：如何打好一手烂牌,0,0,0,2056
西南技术嬉皮,0,0,0,4
从你的生命走过,9.6,45,0,99889
九宫格创意思维导航,0,0,0,7285
一百个奋斗故事,0,0,0,214
笑看繁华 无非放下,0,0,0,8
心理咨询随感录,0,0,0,30913
像我这样拙劣地生活,0,0,0,1807
谁的职场不小白？,0,0,0,3893
我所去过的城市,0,0,0,17
猫叔的江湖咖啡馆,0,0,0,197
十八分之二的一百个问答,0,0,0,171
《我曾想过荒度余生》,0,0,0,79
8.0,97,0.80,5803520847752953232019461749298221190
没有名字酒吧的一般的咖啡和酒,0,0,0,8
乱红飞过秋千去,0,0,0,3291
我是肖华,0,0,0,16
我的口袋里，有星星，还有你,0,0,0,2414
闲情札个记,0,0,0,29
活着活着，就老了,7.6,12,0,30696
90后也会好好当老师,0,0,0,35
The Moment,7.6,11,0,62885
8.00,2071147314651487342363312453310293
最美的风景，是回家的路,9.8,79,0,58235
7.4,34,1.99,460943443743363215279701081880886940
知足常乐手册,8.6,82,0,11992
爱整理,7.4,36,0,208889
一个心理咨询师对世界的思考,0,0,0,323
爱不用等到猴年马月,0,0,0,1621
好姑娘光芒万丈,7.2,28,0,19374
7.4,12,2.00,6344587457895677572455815693553356145716
无处安放的荷尔蒙,0,0,0,5860
广场街33号,0,0,0,924
你的信，寄出去了吗,0,0,0.99,1099
女孩的成长,0,0,0,5135
破碎故事之心,0,0,0,3780
梦境实录,0,0,0,808
觉察之路,8.2,23,0,22207
进化成更好的人,0,0,0,19074
1.99,8165855295255365739355644
十次约会搞定终身大事,7.8,33,0,35339
嘿！折腾青年！,0,0,0,3520
0.99,18651658164915911532396396359479347
这些年遗失在北方的爱情故事,0,0,0,15165
写作魔方,0,0,0,18
那些女人们教给我的事情,0,0,0,2575
7.6,12,0.99,40042952280828054754054031991333362
2.99,4323383943173187121034
三元成一,0,0,0,45
那些鲜活的小人儿啊,0,0,0,73
男人是否都一样,0,0,0,1545
女子恋爱图鉴,0,0,0,2309
原来我也曾经走到过那么远,0,0,0,57
怎样谈一场不分首的恋爱,0,0,0,1019
爬虫,0,0,0,32
狼餐之徒的自白,0,0,0,597
清夏在写睡前童话,0,0,0,93
列车,0,0,0,147
青春，记忆里最明媚的时光,0,0,0,177
别样空间,0,0,0,182
一人一城,0,0,0,1781
藏地手记,0,0,0,817
除了瘦，还要美，还要有钱和自由,7.4,17,0,2043
你走了那么久，一定很累吧,0,0,0,131
无我心,0,0,0,37
当某天，不再需要爱情,0,0,0,1127
空少日记,0,0,0,4633
7.6,27,1.99,77187280682170116959304102173140194
留不住的是乡愁,0,0,1.99,366
No ,but,0,0,0,326
漾动的青春,0,0,0,50
不要叫醒我 等我自己醒来,0,0,0,15
我有一颗蒜，不只是蒜皮,0,0,0,405
Me and My Therapy,0,0,0,20
当我在怀孕时我在想什么,0,0,0,1580
未命名,0,0,0,193
学会微笑面对人生,0,0,0,77
龙门阵,0,0,0,106
真正离别的时候，可不可以不流泪,0,0,0,32
二三信,0,0,0,64
职场认知的必要性,0,0,0,132
改造命运,0,0,0,298
杭州城事,0,0,0,13
少年归来,0,0,0,876
沉默者的歌,0,0,0,5
她和我的十九年,0,0,0,126
肚子里有个小先生,0,0,0,959
当代青年情感指南,0,0,0,639
爱不可说，一说就错,0,0,0,44
非真实事件,0,0,0,13
如何成为人上人,0,0,0,20
我曾在这片土地站立,0,0,0,42
浮生随记,0,0,0,33
癫者有情,0,0,0,30
暗白,0,0,0,14
食物与我,0,0,0,25
终登泰山记,0,0,0,61
留德华的青春纪实,0,0,0,62
三十岁以后才明白的事,0,0,0,373
写给爸爸妈妈，假装你们还活着,0,0,0,109
至少要好好说再见,0,0,0,56
致我们不二的青春——此去一别，来日方长,0,0,0,25
放我一人，孤独自由,0,0,0,85
重庆没有森林,0,0,0,46
留不住的是乡愁,0,0,1.99,366
漾动的青春,0,0,0,50
不要叫醒我 等我自己醒来,0,0,0,15
我有一颗蒜，不只是蒜皮,0,0,0,405
未命名,0,0,0,193
龙门阵,0,0,0,106
真正离别的时候，可不可以不流泪,0,0,0,32
二三信,0,0,0,64
改造命运,0,0,0,298
少年归来,0,0,0,876
沉默者的歌,0,0,0,5
她和我的十九年,0,0,0,126
肚子里有个小先生,0,0,0,959
如何成为人上人,0,0,0,20
当代青年情感指南,0,0,0,639
生活回忆录,0,0,0,506
小店,0,0,0,117
写给回忆的三十一份情书,0,0,0,94
爱不是拼命挤胸，爱是胸口写勇,0,0,0,1163
爱恨情仇,0,0,0,20
孤独择日而止,0,0,0,235
夏语日记,7.6,26,0,61666
成长与改变,0,0,0,2289
何家公鸡何家猜,0,0,0,651
《年少情怀总是诗》,0,0,0,68
写给蜗牛的一些信件,0,0,0,48
诗酒趁年华,0,0,0,928
青春,0,0,0,3355
无解琴音,0,0,0,23
我写给我的信,0,0,0,1420
深夜心驰,0,0,0,416
忽而我就变成了任我行,0,0,0,1012
我的前半生,0,0,0,419
爱情最初的模样,0,0,0,18943
在电影里虚度时光,0,0,0,517
生活回忆录,0,0,0,506
小店,0,0,0,117
爱恨情仇,0,0,0,20
考研必须经历的二三事,0,0,0,49
写给回忆的三十一份情书,0,0,0,94
《年少情怀总是诗》,0,0,0,68
跟着明星学说话,0,0,0,484
写给蜗牛的一些信件,0,0,0,48
孤独择日而止,0,0,0,235
我的十年,0,0,0,17
无解琴音,0,0,0,23
子非鱼,0,0,0,64
我写给我的信,0,0,0,1420
人间草木深,0,0,0,75
深夜心驰,0,0,0,416
阿克大人杂俎,0,0,0,483
一加语录,0,0,0,22
我在大学浪费时间,0,0,0,457
我的前半生,0,0,0,419
诗酒趁年华,0,0,0,928
往事与变迁,0,0,0,2158
571435401357341342326316370334
我等你，即便全世界都不在了,0,0,0,12
此路通往当下,0,0,0,10
镜花水月,0,0,0,26
青春脚踏车,0,0,0,2000
女性治愈系情感手记,0,0,0,1895
新青年2.0,0,0,0,5
郑能量,0,0,0,247
纯粹的谬误,0,0,0,42
浮生无数,0,0,0,3399
你总要在孤独中学会成长,0,0,0,329
6.8,23,5.00,37223481361411031057107998299810141058
7.8,59,1.99,6955620163392773216721011973182618371837
付坤原创成语系列,0,0,0,48
我就是入梦,0,0,0,92
塔,0,0,0,17
高三日常,0,0,0,313
用一生，抵达一次山盟,0,0,0,16
我的小日子,0,0,0,31
来巴黎的人,0,0,0,39
母亲的小米南瓜粥,0,0,0,418
与安然度过的3年光阴,0,0,0,2
相思秋,0,0,0,29
我三十岁了，却还像个孩子,0,0,0,33656
男人是性别,0,0,0,4
往事与变迁,0,0,0,2158
青春脚踏车,0,0,0,2000
7.8,59,1.99,6955620163392773216721011973182618371837
571435401357341342326316370334
夏语日记,7.6,26,0,61666
6.8,23,5.00,37223481361411031057107998299810141058
那些少年必须死,0,0,0,761
青春,0,0,0,3355
纯粹的谬误,0,0,0,42
爱还来得及,0,0,0,1433
爱不是拼命挤胸，爱是胸口写勇,0,0,0,1163
浮生无数,0,0,0,3399
寻找心中的艺术,0,0,0,5251
女性治愈系情感手记,0,0,0,1895
北漂失恋成长记忆,7.4,12,0,7418
爱情最初的模样,0,0,0,18943
一起战拖延,0,0,0,3354
《我是一棵金针菇》,0,0,0,93
天堂超市,0,0,0,10456
我等你，即便全世界都不在了,0,0,0,12
镜花水月,0,0,0,26
旅游管理的烦恼,0,0,0,4069
纯粹的谬误,0,0,0,42
换个角度看世界,0,0,0,1400
深圳的日与夜,0,0,0,4802
抽屉里的故事,0,0,0,2196
0.99,63666051248569504705346160
借一首歌说爱你,0,0,0,657
5.00,408235253839722328223269181255113
你是唯一可以走近的人,6.6,19,0,17151
196115361593154014991496147810869152
只剩半个漫长夏日,0,0,0,945
星座身心灵,0,0,0,9230
烟火人间,0,0,0,9802
你总要在孤独中学会成长,0,0,0,329
Twenty Somthing,0,0,0,189
追爱路上，别矜持,0,0,0,21289
浪子日记,0,0,0,118
好久不见,0,0,0,63
她的泪与笑,0,0,0,518
喵星人心理学,0,0,0,178
闷闷闷,0,0,0,11
小姐快跑,0,0,0,2249
22岁止,0,0,0,197
生活在重庆,0,0,0,134
爱,0,0,0,164
《重拾旧爱》,0,0,0,513
食物鬼魅谈,0,0,0,646
十字鸟,0,0,0,34
念想偶得,0,0,0,63
清心谈,0,0,0,17
山羊夫人闯关记,0,0,0,2030
焦虑日记,0,0,0,80
与你相识的绵长岁月,0,0,0,617
生命悠长，幸与为伴,0,0,0,350
舌尖上的那些婚姻,0,0,0,680
我和苦菜君的十三年,0,0,0,14
春天在哪里,0,0,0,135
Lights Go Out,0,0,0,378
你不是我的盖世英雄,0,0,0,185
人生，请务必折腾,0,0,0,70
一名抑郁症患者的碎语,0,0,0,15
自己走过的路,0,0,0,174
栖居城市的魂灵,0,0,2.99,631
爱情童话一百零一夜,0,0,0,67
男生爱情课,0,0,0,163
乡下人的速写练习,0,0,0,19
遇见你的时候所有星星都落到我头上,0,0,0,35
你好，小确幸。,0,0,0,812
焦虑的姐姐,0,0,0,48
自己走过的路,0,0,0,174
人生，请务必折腾,0,0,0,70
家有喜事,0,0,0,38
一名抑郁症患者的碎语,0,0,0,15
栖居城市的魂灵,0,0,2.99,631
爱情童话一百零一夜,0,0,0,67
情缚,0,0,0,79
乡下人的速写练习,0,0,0,19
男生爱情课,0,0,0,163
遇见你的时候所有星星都落到我头上,0,0,0,35
家有喜事,0,0,0,38
焦虑的姐姐,0,0,0,48
猪小妹和陈大傻的故事,0,0,0,9
你好，小确幸。,0,0,0,812
情缚,0,0,0,79
浮游生物,0,0,0,29
7.4,14,3513253525494151971919920518099
仙女在人间动了情,0,0,0,13
闲散日记,0,0,0,7
姑妄言之,0,0,0,7
老源随笔,0,0,0,136
亲爱的，展信佳,0,0,0,48
137712031066300102
岁亦莫止,0,0,0,667
秀兰,0,0,0,5
剩女姿势,8.2,27,0,34420
满满的笑和微微的甜,0,0,0,3
死亡录,0,0,0,12
和女朋友在一起时我的心理变化,0,0,0,17
那些人，那些事,0,0,0,9044
我的二十年,0,0,0,99
深圳札记,0,0,0,71
月亮在积雨云之上,0,0,0,138
青春博物馆,0,0,0,26
关于抑郁,0,0,0,96
再回首,0,0,0,4
教育孩子，父母和家庭最关键,0,0,0,1259
不向这个世界妥协Ⅱ,7.8,18,0,31956
遇见，未央,0,0,0,3
花之惑,0,0,0,58
无风无雨也无晴,0,0,0,61
在路上,0,0,0,9
红尘谱,0,0,0,30
三国回忆录,0,0,0,507
落城以北,0,0,0,17
永结无情游,0,0,0,10
情感问题，不感情用事,0,0,0,52
迁徙的灵魂,0,0,0,997
左歪叨叨,0,0,0,7
时光切片,0,0,0,9
剩女相亲记,0,0,0,102
小矫怡情,0,0,0,34
MY TALK,0,0,0,11
职场力就是战斗力,0,0,0,52
7.4,14,3513253525494151971919920518099
恼人生活记趣,7.8,11,0,29603
7.8,19,2.99,39133301298031453001526435342299290
137712031066300102
我的三分之一,0,0,0,11
那些人，那些事,0,0,0,9044
剩女姿势,8.2,27,0,34420
你终究是一匹披着美羊羊外衣的红太狼,0,0,0,5
《告别童年，青春起航》,0,0,0,14
南方爱情故事,0,0,0,6695
岁亦莫止,0,0,0,667
苗一涵的一心一意,0,0,0,66
人世,0,0,0,135
小矫怡情,0,0,0,34
向命运抗争到底,0,0,0,46
蜕变,0,0,0,48
情绪博物馆,0,0,0,45
关于生活不易的100个瞬间,0,0,0,293
女生爱情课,0,0,0,114
MY TALK,0,0,0,11
写给你的100封情书,0,0,0,9
剩女相亲记,0,0,0,102
宋词中的爱情,0,0,0,51
点解开悟博弈之门,0,0,0,322
在津，又十五人（在津十人第二期）,0,0,0,1111
我的三分之一,0,0,0,11
你终究是一匹披着美羊羊外衣的红太狼,0,0,0,5
宁静的激情,0,0,0,16
让孤独极致,0,0,0,27
《告别童年，青春起航》,0,0,0,14
苗一涵的一心一意,0,0,0,66
解馋新鲜空气 - 北京 2015 冬,0,0,0,230
《前世，今生，就算轮回也无法忘记你》,0,0,0,22
我是正经的秘籍,0,0,0,58
薛小杉的回忆录,0,0,0,120
上海南昌路小记,0,0,0,65
青春博物馆,0,0,0,26
爱的杂货铺,0,0,0,20
爱，这个世界,0,0,0,204
花之惑,0,0,0,58
小思的心灵故事,0,0,0,35
安义养育记,0,0,0,26
有心就有路:凡是打不倒你的必使你更强壮,0,0,0,84
挽回秘籍,0,0,0,359
迷路在人生,0,0,0,29
关于抑郁,0,0,0,96
愿海蓝时见鯨，梦醒时见你,0,0,0,104
我了解的女生,0,0,0,56
心情笔记,0,0,0,12
曾照彩云归,0,0,0,71
深夜孤独的灵魂,0,0,0,48
自述●挂念,0,0,0,1
冷清秋,0,0,0,67
爱的杂货铺,0,0,0,20
一切都会过去的,0,0,0,763
遇见田野,0,0,0,21
二十岁的游泳池,0,0,0,134
剧本,0,0,0,2403
深情象牙塔——女博是这样炼成的,0,0,0,162
高考日记,0,0,0,25977
叶叶心心,0,0,0,201
挽回秘籍,0,0,0,359
小事人生,0,0,0,540
露水侵晨,0,0,0,135
我要学习系列,0,0,0,226
斜杠青年,0,0,0,244
给安的信,0,0,0,39
第26首英文歌,0,0,0,221
我是正经的秘籍,0,0,0,58
上海南昌路小记,0,0,0,65
我了解的女生,0,0,0,56
巴黎小众博物馆里的人生课,0,0,0,122
爱，这个世界,0,0,0,204
小思的心灵故事,0,0,0,35
安义养育记,0,0,0,26
有心就有路:凡是打不倒你的必使你更强壮,0,0,0,84
迷路在人生,0,0,0,29
薛小杉的回忆录,0,0,0,120
愿海蓝时见鯨，梦醒时见你,0,0,0,104
我用多少来爱,0,0,0,5
你无聊的让我不想崩溃,0,0,0,19
我的奶奶,0,0,0,9
感受,0,0,0,78
你说这世界，到底谁欠谁,0,0,0,111
生活需要励志与美好,0,0,0,480
与你一起不负春光,0,0,0,90
意识流日记,0,0,0,12
苏北记,0,0,0,30
三十星霜去 留一片记忆,0,0,0,11973
那个回不去的幸福时光,0,0,0,85
在自己的房间,0,0,0,63
心语宝蓓——静静的看你,0,0,0,35
梦的世界,0,0,0,75
鱼和海洋的故事,0,0,0,23
小吴精神状态实录,0,0,0,126
可它就是这样过去了,0,0,0,51
我的家庭故事,0,0,0,47
成长简史：在怀疑中坚持,0,0,0,10
苔花,0,0,0,108
十年,0,0,0,10
类似情爱,0,0,0,3023
灰姑娘晋升手册,0,0,0,1012
云影收茶声,0,0,0,8247
花梨坎,0,0,0,46
7.6,45,3.99,4955438844254581111310398739051062859
既然如此,0,0,0,4585
8.00,429745035069988890779966803754938
1.99,14291344127112011121148199116120179
当暮色昏蓝,0,0,0,538
去日留声,0,0,0,6033
女人三十间隔年,0,0,0,8412
箧中集,0,0,0,1230
歌是过客，你是主人,0,0,0,917
妈妈，让我再爱你一次,0,0,0,2601
我想拯救世界,0,0,0,16
从人间走过,0,0,0,375
今朝有酒今朝醉,0,0,0,65
菁宝是这样长大滴,0,0,0,50
看见深蓝,0,0,0,290
早秋落雏菊,0,0,0,2444
神奇典当铺,0,0,0,1626
寒食纪,0,0,0,701
二不挂五的“半罐水”人生,0,0,0,7
杂烩,0,0,0,1836
东篱旧爱,0,0,0,170
谁在低吟浅唱，让我无限感伤,7.4,14,0,235
夜，年华如水,0,0,0,2541
生活美好，不可辜负,0,0,0,451
怎样把男神变成老公,8.0,16,0,11426
无颜问天—我的高中女神,0,0,0,194
相亲攻略,8.2,36,0,14559
愿你能不断成长,0,0,0,292
一次挫折，一次成长,0,0,0,27
明眸看你我,0,0,0,265
秋天吃了夏天,0,0,0,161
人间,0,0,0,425
就让我随意一点。,0,0,0,111
你好吗？你说呢,0,0,0,417
我真实的生活,0,0,0,198
看看那个角落，可能爱就藏在那里,0,0,0,22
一逝烟火 一枕凉笙,0,0,0,373
吾妹小初中,0,0,0,10
小黑鲸的世界（杂文）,0,0,0,84
学渣与学霸的自由转换,0,0,0,88
20岁为止,0,0,0,346
和。。。。谈恋爱,0,0,0,36
元爱（又名：成为女编剧）,0,0,0,49
朱皓:回忆录,0,0,0,32
若是你在,0,0,0,119
从武汉到天津,0,0,0,12
碎碎念,0,0,0,178
人生就是石头剪刀布,0,0,0,9
《揭露大牛：其实他们都很“丧”》,0,0,0,57
眼睛里的星星,0,0,0,17
让影剧里的男生教你如何撩妹！,0,0,0,79
感性与理性之间,0,0,0,3976
老郝老好了,0,0,0,30
一个悲伤者的自救,0,0,0,19
漫步时光,0,0,0,22
十八岁，成年世界里，我在干什么。,0,0,0,11
小鱼和东之岛,0,0,0,5
谁没觉得自己牛逼过,0,0,0,26
准金融狗,0,0,0,293
不间断分手日记,0,0,0,20
猪叫,0,0,0,69
孤独的自我,0,0,0,7
父亲,0,0,0,19
今天星期二,0,0,0,51
从武汉到天津,0,0,0,12
祢是我的避难所：40天的灵修之旅,0,0,0,229
生而为人，我很抱歉,0,0,0,35
碎碎念,0,0,0,178
人生就是石头剪刀布,0,0,0,9
一个男人的秘密花园,0,0,0,157
若是你在,0,0,0,119
感性与理性之间,0,0,0,3976
老郝老好了,0,0,0,30
薰衣如昙荏苒兮,0,0,0,119
一个悲伤者的自救,0,0,0,19
从学生到职场，需要知道什么？,0,0,0,259
《要回到风里了》,0,0,0,37
爱情是什么颜色,0,0,0,17631
流心集,0,0,0,20
9.0,135,4745135682348537439410829862464201013102096
两个思想,0,0,0,4
安娜的早晨,0,0,0,1614
给自己一句哲理,0,0,0,2
元识力：高效和快乐的本源,0,0,0,9
黑客与瑜伽士,0,0,0,14
情事录,0,0,0,9101
这个世界本就不属于 像你这样美好的灵魂,0,0,0,104
关于遗辉的一切,0,0,0,23
我所了解的女生,0,0,0,22
每个失恋的姑娘，都是一个潜力股！,0,0,0,62
日常,0,0,0,9
心中的那只风铃...,0,0,0,18
莹透的碎片,0,0,0,48
不向这个世界妥协,7.4,18,0,3351
心理学的礼物,0,0,0,8583
写给小余的晚安语录,0,0,0,176
幸运漂流瓶,0,0,0,38
开心,0,0,0,137
虽然相遇很晚，但我会陪你到最后,0,0,0,100
喜欢这世界的理由,0,0,0,23
生逢谭家,0,0,0,2216
小菊的母亲,0,0,0,97
总有一些时光镌刻进生命里,0,0,0,341
都市主妇的烦恼,0,0,0,149
王晓杰美文世界,0,0,0,133
十二月的情事,0,0,0,99
情感世界生存指南,0,0,0,55
苟日夜长,0,0,0,856
和Lucky在一起的每一天,0,0,0,933
生活本色,0,0,0,1122
没有鱼也没有熊掌的生活,0,0,0,358
从心出发的亲子人生故事,0,0,0,9598
3.99,33025921762555054755449
你好哇，德国幼儿园,0,0,0,2546
识女手册,8.2,155,0,250405
宇宙和平爱基地,0,0,0,18
诗和远方,0,0,0,109
炭火熊熊,0,0,0,8
我不是你的盖世英雄,0,0,0,901
电影与人生,0,0,0,13
单身饭局,0,0,0,643
深深深森呼吸,0,0,0,11
长大到底是怎么一回事,0,0,0,1662
吾家萌亲皆活宝,0,0,0,50
虾夷富士初冠雪,0,0,0,4771
千禧年记事,0,0,0,14
散落于我们身边的故事,0,0,0,260
如果过上想要的生活,0,0,0,54
《要回到风里了》,0,0,0,37
给自己一句哲理,0,0,0,2
流心集,0,0,0,20
9.0,135,4745135682348537439410829862464201013102096
两个思想,0,0,0,4
安娜的早晨,0,0,0,1614
余生没那么长，请你忠于你自己,0,0,0,13
元识力：高效和快乐的本源,0,0,0,9
黑客与瑜伽士,0,0,0,14
情事录,0,0,0,9101
这个世界本就不属于 像你这样美好的灵魂,0,0,0,104
关于遗辉的一切,0,0,0,23
《要回到风里了》,0,0,0,37
想我就看电影,0,0,0,1324
爱情是什么颜色,0,0,0,17631
9.0,135,4745135682348537439410829862464201013102096
3.99,33025921762555054755449
安娜的早晨,0,0,0,1614
识女手册,8.2,155,0,250405
给自己一句哲理,0,0,0,2
元识力：高效和快乐的本源,0,0,0,9
黑客与瑜伽士,0,0,0,14
情事录,0,0,0,9101
无关对错，皆为因果,0,0,0,9277
我是如何戒掉微信的,9.0,55,0,33933
老年人的爱情故事,0,0,0,2995
关于遗辉的一切,0,0,0,23
第二十一种孤独,0,0,0,10990
兔兔咖啡馆,0,0,0,180
通向婚纱之路,0,0,0,4964
我听过的故事,7.8,22,0,7657
那些年，那些事,0,0,0,21359
你与未来只差一个告别,0,0,0,1487
我在这城市的幸福感,0,0,0,5183
每天吃饭都是影视黄金八点档,0,0,0,897
学爱,7.6,37,0,162270
1.99,823747664689726623601631578607
禅机日用,0,0,0,4677
爱你不必煽情，走心就很动听,0,0,0,15455
呵呵，我有一个朋友,7.6,26,0,91025
最后你们没有在一起,0,0,0,673
爱情发炎了,8.0,39,0,29194
溯回,0,0,0,1187
谢谢离婚这件事,7.8,15,0,44774
浓情光影,0,0,0,1211
当我与这世界相遇,0,0,0,40
雪花无声,0,0,0,31
学海无涯,0,0,0,42
修行,0,0,0,103
在七零八落的生活里，遇见精致的自己,0,0,0,45
独家心事,0,0,0,141
林家日常,0,0,0,37
我的前小半生,0,0,0,46
虚无之无,0,0,0,231
胖少女日记,0,0,0,126
我昨天晚上做了个梦,0,0,0,53
行走的植物们,0,0,0,21
文章转《你坐车从西向东 我走路由南到北》,0,0,0,63
长歌不散,0,0,0,968
吴的文,0,0,0,47
大城小事,0,0,0,74
寂寞当年箫鼓,0,0,0,177
浅记流年 漫记,0,0,0,22
乡邻琐记,0,0,0,22
浓情淡如我--加拿大奇缘记,0,0,0,384
我的前小半生,0,0,0,46
雪花无声,0,0,0,31
学海无涯,0,0,0,42
当我与这世界相遇,0,0,0,40
在七零八落的生活里，遇见精致的自己,0,0,0,45
我的青春，我的老九门,0,0,0,37
独家心事,0,0,0,141
林家日常,0,0,0,37
文章转《你坐车从西向东 我走路由南到北》,0,0,0,63
长歌不散,0,0,0,968
大城小事,0,0,0,74
寂寞当年箫鼓,0,0,0,177
乡邻琐记,0,0,0,22
一个故事,0,0,0,2
迷雾学龄前,0,0,0,8
妍妍特立独行的奇幻生活,0,0,0,28
我把你当朋友你却想和我谈恋爱,0,0,0,51
路过幸福,0,0,0,5
434女生宿舍扎心日常,0,0,0,21
文一西路,0,0,0,8
爱与被爱一样痛苦，谁又能给谁救赎,0,0,0,5
八月芳华,0,0,0,22
生活存稿,0,0,0,110
臭屁先生，你好！,0,0,0,52
北漂生存指北,0,0,0,8
游泳的夏天,0,0,0,25
我是普通人,0,0,0,25
不正经自传,0,0,0,127
往事不随风,0,0,0,64
短期北漂人物图鉴,0,0,0,71
爱情终将变圆满,0,0,0,7276
一班旧事,0,0,0,8
喜欢人不犯法,0,0,0,9549
10461018813248172137263190184123
Babylon语法,0,0,0,297
占星随笔,0,0,0,3695
7.6,12,1.79,184014081338130712931272311428818288
3.99,12010710510488
青春坠落在哪里,0,0,0,3558
老朱、阿呆和狗,0,0,0,723
没有大夫的精神病院,0,0,0,49
内观：发现真实的自己,0,0,0,57
梦想，是个动词,0,0,0,248
此刻阳光照耀,0,0,0,40
曾经喜欢一个人,0,0,0,1022
我会遇见你,0,0,0,386
世界奇妙物语,0,0,0,442
最坏不过余生都是回忆,0,0,0,106
慧问慧答,0,0,0,474
占卜萱言,0,0,0,380
命运让我们相遇,0,0,0,259
世界于我大有不同,0,0,0,435
大哆咪的爱情,0,0,0,2147
人生路上 我们一起,0,0,0,15
恋爱的困惑,0,0,0,9766
7.8,16,2.90,1249111394011701621661234152134
你所谓的所谓,0,0,0,117
奇妙宠物店纪事,0,0,0,241
别郁闷，你那有那么多观众,0,0,0,310
虞美人不开,0,0,0,116
西兰花很好吃,0,0,0,94
空想家的一百天,0,0,0,114
恋心,0,0,0,116
稳稳的幸福,0,0,0,8
你好，再见？,0,0,0,61
洛丽塔：我的生命之光，我的欲望之火,0,0,0,26
和寂寞出走——记夏日速旅,0,0,0,61
学海无涯,0,0,0,974
我的昨天、今天、明天（原创）,0,0,0,6
余地,0,0,0,35
梦知道答案,0,0,0,41
一个叫文青的女人决定当妈,0,0,0,13
草木皆兵——女兵回忆手记30天,0,0,0,21
爱与被爱一样痛苦，谁又能给谁救赎？,0,0,0,17
灌篮高手之梦回二十年,0,0,0,19
假面似水年华,0,0,0,373
阿拳的成长故事,0,0,0,4
观,0,0,0,32
人在山中游,0,0,0,119
蟹の壳,0,0,2.99,619
闲人闲事,0,0,0,25
你好，再见？,0,0,0,61
夏小糖的心理驿站,0,0,0,28
我的故事，想讲给你听,0,0,0,17
年轻的迷雾,0,0,0,35
梦知道答案,0,0,0,41
菩菩和小孔的日常生活,0,0,0,51
人间故乡,0,0,0,18
请给电脑连接打字机,0,0,0,98
恋心,0,0,0,116
人生路上 我们一起,0,0,0,15
最坏不过余生都是回忆,0,0,0,106
此刻阳光照耀,0,0,0,40
离欢,0,0,0,168
90后成长笔记,0,0,0,538
十五岁的梦,0,0,1.99,822
粉红色的小诗,0,0,0,154
梦想，是个动词,0,0,0,248
草木集,0,0,0,398
致时间,0,0,0,17
你所谓的所谓,0,0,0,117
命运让我们相遇,0,0,0,259
三年养娃两年模拟——论科学养狗的重要性,0,0,0,2235
我的前二十年,0,0,0,29
心海勾陈,0,0,0,66
别郁闷，你那有那么多观众,0,0,0,310
陌生的姑娘 我爱你,0,0,0,60
西兰花很好吃,0,0,0,94
晨曦英雄的小黑本,0,0,0,12
有些路注定要一个人走,0,0,0,1740
此致，敬礼,0,0,0,1106
古今情事,7.2,20,0,11164
精神病人,8.2,13,0,13097
未曾走过的路,0,0,0,2480
不要慌，真青年是不会慌的,7.8,11,0,9142
爱情至上主义,0,0,0,3178
用“心”看电影,0,0,0,7595
我在心理咨询椅上看你,7.6,11,0,730
荒野拾遗,0,0,0,419
浮世颂,0,0,0,4044
密林深处,0,0,0,3254
心与胃，不过图个温饱,0,0,0,1303
秘室,0,0,0,5926
奇葩人类博物馆,7.6,27,0,13380
故乡旧事,0,0,0,10186
媚影情感,0,0,0,36
天书谈,0,0,0,570
甜涩单身日记,0,0,0,4296
一个人的私奔,0,0,0,2497
女人的幸福与什么有关,7.4,13,0,43787
他，和她,0,0,0,32
5项职场力修炼,0,0,0,85
听风,0,0,0,153
影子生活,0,0,0,276
归,0,0,0,106
请用一枝玫瑰纪念我,0,0,0,28
这就是生活,0,0,0,122
浮生,0,0,0,11
一个寻常人的故事,0,0,0,26
小鸭二三事,0,0,0,37
致大学——花开如火也如寂寞,0,0,0,298
海棠集,0,0,0,142
天涯,0,0,0,43
无理论·第一辑,0,0,0,23
奇葩的世界,0,0,0,6
超级随意的散文,0,0,0,109
谁的大学不迷茫,0,0,0,170
以你为界,0,0,0,43
尘埃写作,0,0,0,608
人生剧情遥控器—颠覆“剩思维”,0,0,0,5955
离欢,0,0,0,168
影子生活,0,0,0,276
随笔小记,0,0,0,19
热恋者,0,0,0,28
超级随意的散文,0,0,0,109
这就是生活,0,0,0,122
小鸭二三事,0,0,0,37
考研日记,0,0,0,430
谁不是一边疼痛，一边成长,0,0,0,26
在向死而生的路上,0,0,0,27
天涯,0,0,0,43
夏日友人混账,0,0,0,14
我和先生的三两小事,0,0,0,19
一颗孤寂的小星球决定要爆炸,0,0,0,31
陌生的姑娘 我爱你,0,0,0,60
人间小故事,0,0,0,45
浮生,0,0,0,11
1996,0,0,0,82
我们回家,0,0,0,69
创意写作的自我修炼,0,0,0,76
短片 迷信的爱情,0,0,0,12
没发誓做了不起的人，也不想这样过一生,0,0,0,31
27岁之前,0,0,0,6
Ella Baby Book,0,0,0,8
育儿育己，我的育儿memo,0,0,0,8
那些人和那些事,0,0,0,98
二十一岁的回忆录,0,0,0,157
成为极简主义者,0,0,0,383
原来恋爱的故事是这样的啊,0,0,0,10
爸爸远去84天后,0,0,0,34
文学有毒,0,0,0,3
心与胃，不过图个温饱,0,0,0,1303
这一岁 最开心是遇见你,0,0,0,8
九張情書,0,0,0,65
5.00,1002875873128936475706361
黑爱,0,0,0,512
烟火碎片,0,0,0,46
弗洛伊德的躺椅,0,0,0,19159
成为极简主义者,0,0,0,383
原来恋爱的故事是这样的啊,0,0,0,10
我用奔跑告诉你，我不回头,7.6,69,0,162032
文学有毒,0,0,0,3
谈谈情说说爱,0,0,0,1307
两性辣谈,0,0,0,1018
这一岁 最开心是遇见你,0,0,0,8
九張情書,0,0,0,65
1.99,1231029373757112130514
故乡有多远,0,0,0,16664
剩况不止，相亲不息,0,0,0,4664
二·花,7.2,20,0,21188
那些你教我的事,0,0,0,1705
好恋人养成记,0,0,0,5388
喜鹊、派派和雪川,0,0,0,13
26岁人生·男,0,0,0,40
小的聂,0,0,0,162
最美的爱情，遇见最美的你,0,0,0,50
大学那些小事,0,0,0,369
今天看什么书？,0,0,0,32
写给世界的情书,0,0,0,89
卸载日记,0,0,0,232
我总是陷入虚无,0,0,0,476
怂萍有话,0,0,0,47
遗忘的旧时光,0,0,0,162
囡囡夜话,0,0,0,317
我的岁月无欺,0,0,0,33
小周庄消失记,0,0,0,202
这样的大学四年,0,0,0,985
这世界，总有人偷偷爱着你,0,0,0,172
你若安好，便是晴天,0,0,0,206
愿逐月华流照君,0,0,0,40
弯腰凸背的框架眼镜,0,0,0,109
小新人,0,0,0,77
囡囡夜话,0,0,0,317
26岁人生·男,0,0,0,40
他她们,0,0,0,195
我想跟你谈一谈,0,0,0,211
大学那些小事,0,0,0,369
灯在前,0,0,0,13
怂萍有话,0,0,0,47
旺旺屋,0,0,0,300
与你相似的十几岁,0,0,0,19
你是我冒险的梦,0,0,0,353
弯腰凸背的框架眼镜,0,0,0,109
这世界，总有人偷偷爱着你,0,0,0,172
如此欢乐青春,0,0,0,1271
愿逐月华流照君,0,0,0,40
爱情的模样,0,0,0,123
无言,0,0,0,26
卸载日记,0,0,0,232
小新人,0,0,0,77
我的这一生,0,0,0,22
我和生活这个骗子的战争,0,0,0,328
地中海之光,0,0,0,28
告别,0,0,0,12
开始找工作但又对工作困惑的生活记录,0,0,0,2039
朋友圈人物小传,0,0,0,43
我的这一生,0,0,0,22
我和你,0,0,0,5
我和生活这个骗子的战争,0,0,0,328
高敏感者的臆想世界,0,0,0,39
地中海之光,0,0,0,28
一个人的城市,0,0,0,50
告别,0,0,0,12
我是小白不迷茫,0,0,0,35
星座是讓人相互瞭解的神祕法寶,0,0,0,683
朋友圈人物小传,0,0,0,43
为了遇见你，我变成最好的自己,0,0,0,37
我们都是取暖的豪猪,0,0,3.99,686
221816211335118333419019310957150
有趣的人,0,0,0,21
65262061051211815292117
烂斧头,0,0,0,34
献给昨日的玫瑰,0,0,0,27
一个非典型乡村少年的七十年代,0,0,0,3
最时光,0,0,0,32
呓语,0,0,0,115
今年初一,0,0,0,132
百家爱,0,0,0,108
盖文请我喝了一杯香芋奶茶,0,0,0,5
荒废,0,0,0,52
芒果的小世界,0,0,0,15
川鄂情,0,0,0,16
内在探索与觉醒,0,0,0,22
那些不焦虑的年轻人,0,0,0,53
安和,0,0,0,103
无用的新西兰时光,0,0,0,40
再见，我最亲的人,0,0,0,26
孤独是成长茶话会里的必需品,0,0,0,564
成长日记,0,0,0,17
当我抑郁时，我在想什么,0,0,0,334
幸福的定义,0,0,0,249
未来先生,0,0,0,382
种“心”术,0,0,0,955
努力地成为自己想要成为的样子,0,0,0,127
微如风,0,0,0,109
欲与虚,0,0,0,500
月光还是少年的月光,0,0,0,31
余生的琐碎事,0,0,0,56
劳师奶与劳小姐,0,0,0,881
闲暇拾光,0,0,0,37
沧海一粟,0,0,0,8
成长，是修行。,0,0,0,91
生逢谭家,0,0,0,1048
悠然如花行人间,0,0,0,24
奔三的你,0,0,0,215
万能青年养成计划,0,0,0,74
迟到的间隔年,0,0,0,406
夜字,0,0,0,9
写给你的100封情书,0,0,0,163
生活随笔,0,0,0,196
但愿生活如沐春风,0,0,0,17
声色万象,0,0,0,1746
明天的故事,0,0,0,80
大概小时候，或者高调告白吧,0,0,0,13
一个男生的自白,0,0,0,30
那些不焦虑的年轻人,0,0,0,53
带我来者 带我归,0,0,0,211
叹息后的热情,0,0,0,28
高三九班的故事,0,0,0,20
非典型爱情故事,0,0,0,24
修心修行修性,0,0,0,24
当人生走向而立,0,0,0,20
大概小时候，或者高调告白吧,0,0,0,13
我只对思考上瘾,0,0,0,5
一个男生的自白,0,0,0,30
带我来者 带我归,0,0,0,211
趁年轻，要任性,0,0,0,57
高三九班的故事,0,0,0,20
你所不知道的韩国企业,0,0,0,39
修心修行修性,0,0,0,24
世界的轮廓,0,0,0,49
非典型爱情故事,0,0,0,24
洛一的日记,0,0,0,9
似是故人来,0,0,0,28
我和你和Ta,0,0,0,34
因为爱情,0,0,0,22
痛苦的人,0,0,0,17
一个60后的真实人生【第四部】,0,0,0,3461
考研心理历程,0,0,0,53
Miss Young的旅途日记,0,0,0,23
致世界的七封情书,0,0,0,5
一个草根六零后的隐私（初恋情书）,0,0,0,302
心理故事,0,0,0,26
兔儿尾,0,0,0,9
黑绵羊的毛,0,0,0,7
恼人的婚恋,0,0,0,35
少女情怀总是诗,0,0,0,44
慕慕眼中的世界,0,0,0,21
相亲记事,0,0,0,22
恋爱的小心情,0,0,0,23
广州的情情爱爱,0,0,0,12
Z先生的后花园,0,0,0,128
看透彻了，心就会是晴朗的,0,0,0,16
人生消磨,0,0,0,54
一个人独自旅行。最全泰国攻略。,0,0,0,425
一份学习报告,0,0,0,21
若相逢,0,0,0,19
日记与随感,0,0,0,4
大学纪事（2014）,0,0,0,17
碗里有饭,0,0,0,41
与它十年,0,0,0,60
我骑行回家,0,0,0,8
十分钟零和游戏,0,0,0,97
长篇纪实文学 古卫东的瓦尔登,0,0,0,396
洛一的日记,0,0,0,9
我和你和Ta,0,0,0,34
青春的旁观者,0,0,0,50
似是故人来,0,0,0,28
痛苦的人,0,0,0,17
一个60后的真实人生【第四部】,0,0,0,3461
Miss Young的旅途日记,0,0,0,23
致世界的七封情书,0,0,0,5
一个草根六零后的隐私（初恋情书）,0,0,0,302
...,0,0,0,35
兔儿尾,0,0,0,9
忘风的不正经影评,0,0,0,13
你想见的光，我愿努力去完成,0,0,0,368
洛一的日记,0,0,0,9
我和你和Ta,0,0,0,34
青春的旁观者,0,0,0,50
我的日子过得好慢,0,0,0,15
老徐大院,0,0,0,2040
致世界的七封情书,0,0,0,5
随遇而记,0,0,0,23
...,0,0,0,35
兔儿尾,0,0,0,9
忘风的不正经影评,0,0,0,13
你想见的光，我愿努力去完成,0,0,0,368
青春的旁观者,0,0,0,50
我的日子过得好慢,0,0,0,15
梦中帆,0,0,0,15
老徐大院,0,0,0,2040
致世界的七封情书,0,0,0,5
随遇而记,0,0,0,23
城市故事,0,0,0,50
忘风的不正经影评,0,0,0,13
...,0,0,0,35
他们生活的世界,0,0,0,5446
娱乐与情感,0,0,0,2587
你只负责精彩，天意自会眷顾,0,0,0,3292
如何在成长的路上成为更好的自己,7.6,24,0,3824
最美不过时光,0,0,0,10308
爱情怪谈录,0,0,0,6603
去你的选择恐惧症,0,0,0,1185
男版脱单指南,0,0,0,288
12.00,3089273526562652483456461468435455
7.8,16,6.99,75937261655266421210889819754704755
迎刃自信,7.2,32,0,106367
大猫和小猫的故事,7.8,19,0,6911
人间剧场,7.4,15,0,46064
以浅薄的眼光看世界,0,0,0,120
一个女青年的日常碎碎念,0,0,0,9
7.2,25,3.99,7275716069151771157222311437137012651357
浮生故事,0,0,0,1589
你消逝的背影，我用目光追随,0,0,0,7448
暴风雨的午安,0,0,0,67
你只负责精彩，天意自会眷顾,0,0,0,3292
如何在成长的路上成为更好的自己,7.6,24,0,3824
白首之约,0,0,0,1855
去你的选择恐惧症,0,0,0,1185
嗜独情深：30岁后，先独居它个3年,0,0,0,1545
岁月如吃,0,0,0,5054
女二号爱情故事,0,0,0,845
一页上海,0,0,0,37
12.00,3089273526562652483456461468435455
大猫和小猫的故事,7.8,19,0,6911
娱乐与情感,0,0,0,2587
心食解构 | 暴食症疗愈篇,0,0,0,707
7.8,220,9.80,44469415738773559347834483226316932002358
欧美电影推荐,0,0,0,27
无为道，有为德,0,0,0,67
成长这件大事,0,0,0,1933
谁让你颠沛流离,0,0,0,2430
我不能空着我的手,0,0,0,114
心情在生活中荡心琴，情感在思想里悟情性。,0,0,0,70
我和我爸的日常,0,0,0,43
生活的智慧,0,0,0,42
Deer,0,0,0,116
我们和女儿共同成长,0,0,0,267
记絮,0,0,0,38
不食竹子的熊猫,0,0,0,11
诗酒渡年华,0,0,0,38
msiy,0,0,0,17
我也曾以为这是余生,0,0,0,240
我不是归人,0,0,0,114
一世繁花 开至荼蘼,0,0,0,8
遇见余生,0,0,0,1432
我是如何挂了4科的,0,0,0,52
惺惺相惜结伴一程,0,0,0,152
失眠的小行星,0,0,0,31
在角落 记于枕边,0,0,0,35
围炉夜话,0,0,0,286
那似花非花的岁月,0,0,0,116
四季花开,0,0,0,137
脚步慢下来，才能看到更多风景,0,0,0,107
猫说,0,0,0,13
丹凤眼猪,0,0,0,161
写给她的第999封情书,0,0,0,19
我的大学生活,0,0,0,87
佛系精神生活指南,0,0,0,616
2343w42,0,0,0,48
气味,0,0,0,26
遇见的下一站是陪伴,0,0,0,21
摩涅塔的降落伞,0,0,0,94
面对面我和你讲,0,0,0,3
纽约叙谈—这座城和走过的人,0,0,0,8
闪闪发光的儿童文学,0,0,0,95
愿你的所有相遇都是恰逢其时,0,0,0,525
绑架者,0,0,0,1116
《草木人间——路书》,0,0,0,56
驱动人生的未知力量,0,0,0,47
简明幸福之路指南第一版,0,0,0,23
凌晨两点半白蛇,0,0,0,13
请把生活过得白里透红,0,0,0,19062
我最喜欢你,0,0,0,7
我是如何变成异类的,0,0,0,11
1.90,459370347363482834328933
《爱情发生之前》,0,0,0,44
不要吻，要刺——民国女子物语,0,0,0,15
失恋自救指南,0,0,0,12869
安东尼的成长日志,0,0,0,36
那些养病的岁月,0,0,0,2306
我的理智与情感,0,0,0,5766
攻星计,0,0,0,6138
汲江煎奶茶,0,0,0,3
打赢青春这场仗,0,0,0,2704
上辈子就说好了,0,0,0,46
睡不着的姑娘容易老,0,0,0,24605
章鱼小姐的碎碎念,0,0,0,172
发掘更美的自己,0,0,0,2679
西外札记,0,0,0,50
不要让自己难过太久,0,0,0,4381
平凡的活下去，也需要勇气,0,0,0,23
回来的爱,0,0,0,384
枝繁叶茂,0,0,0,33
见字如晤,0,0,0,95
青春，不止一种颜色,0,0,0,14636
安徒生故事改编,0,0,0,189
电话里的人生,0,0,0,82
一颗牙疼,0,0,0,1083
要么庸俗，要么孤独,8.2,98,0,54720
初笔记——用练习写作来消磨时光,0,0,0,2730
夏虫语于冰,0,0,0,41
愿你颠沛流离，终有人爱,0,0,0,1368
6.99,108897389384483984781380444783
布衣蔬食忆清欢,0,0,0,2159
你我他的二三事,0,0,0,55
毒汤,0,0,0,1690
迷茫也是忙,0,0,0,34
一生一瞬,0,0,0,11
千万次相遇与一次重逢,0,0,0,30
二十二减一,0,0,0,33
做个有福气的人,0,0,0,97
我陪你聊聊情绪,0,0,0,157
我的前半生中,0,0,0,84
余鹄,0,0,0,25
他说,0,0,0,445
少女那天的烦恼,0,0,0,612
人生，没有剧本的电影,0,0,0,197
南乔手札,0,0,0,250
失恋邮局,0,0,0,26
他们的天空没有太阳,0,0,0,4
人间值得,0,0,0,10
时之繁花,0,0,0,14
灵魂碎片,0,0,0,320
素心,0,0,0,27
想当诗人的时候,0,0,0,20
20年后的检讨,0,0,0,28
你走了那么久，一定很累吧,0,0,0,107
你真的不懂吸烟,0,0,0,25
我很笨但还是炒鸡喜欢你,0,0,0,32
四季深圳,0,0,0,1407
等雨停,0,0,0,31
出走遣悲怀,0,0,0,232
童话里的男孩女孩,0,0,0,61
家常味道,0,0,0,9
是谁杀死了花季妇女曹爱丽,0,0,0,38
南半球的悠哉时光,0,0,0,12
文子酱麻麻的絮絮叨叨,0,0,0,7
我们寝室的基佬,0,0,0,136
失恋后的一百零一封情书,0,0,0,38
森林学院,0,0,0,25
将结婚进行到底,7.0,18,0,31517
彼岸故事,0,0,0,3604
情操,0,0,0,21262
1.99,238106948181801082212
小时候,0,0,0,6
36262961280927463121641129113482
爱在沧桑人世间流淌,0,0,0,3
在路上,0,0,0,8
最美轮回路,0,0,0,389
读,0,0,0,502
总有恋爱像本日记,0,0,0,769
做自己的超人,0,0,0,1152
给直男的100个贴士,0,0,0,9673
小土豆,0,0,0,10
静静的睡觉,0,0,0,6
当我们谈论结婚时我们在谈论什么,0,0,0,5251
凑和，请滚远点,0,0,0,6320
3.99,136666552616659705257
客厅,0,0,0,385
你走以后,0,0,0,5532
三二言，四五拍,0,0,0,493
5.00,8898711199230202195173
7.8,37,12.00,1207898897856798758762718732685
梦落尘埃只为朝夕,0,0,0,33
法老的那些日子,7.8,13,0,8206
驴耳朵,0,0,0,472
多年以后,0,0,0,1940
9.0,98,1.99,1041786498274699061945744023428881749
独自漂流,0,0,0,21
从自我觉知开始,0,0,0,1964
当风雨已过，请迎着最后一抹夕阳走入我心,0,0,0,229
一个人私奔,0,0,0,200
椰风海韵,0,0,0,8
无处安放的内心,0,0,0,416
活在单身的日子里,0,0,0,98
转型业务之路--除了痛还是痛,0,0,0,22
我爱的人走了,0,0,0,118
听说时光不会老去,0,0,0,68
流年，为谁彳亍,0,0,0,66
抑郁女青年的备忘录,0,0,0,119
恋爱清单,0,0,0,183
绿色邮箱,0,0,0,686
相亲的苦痛经历,0,0,0,53
告别21岁,0,0,0,38
愿你如星辰，明媚不忧伤,0,0,0,92
我的校园日记本,0,0,0,49
喜欢是乍见之欢，而爱是久处不厌。,0,0,0,390
丧而欢歌,0,0,0,6
原生家庭,0,0,0,1394
想回到过去,0,0,0,21
一个人私奔,0,0,0,200
椰风海韵,0,0,0,8
无处安放的内心,0,0,0,416
活在单身的日子里,0,0,0,98
转型业务之路--除了痛还是痛,0,0,0,22
我爱的人走了,0,0,0,118
听说时光不会老去,0,0,0,68
想回到过去,0,0,0,21
当风雨已过，请迎着最后一抹夕阳走入我心,0,0,0,229
恋爱清单,0,0,0,183
绿色邮箱,0,0,0,686
相亲的苦痛经历,0,0,0,53
告别21岁,0,0,0,38
愿你如星辰，明媚不忧伤,0,0,0,92
我的校园日记本,0,0,0,49
喜欢是乍见之欢，而爱是久处不厌。,0,0,0,390
丧而欢歌,0,0,0,6
原生家庭,0,0,0,1394
流年，为谁彳亍,0,0,0,66
独自漂流,0,0,0,21
致五年后的自己,0,0,0,49
见闻录：印度的旅行,0,0,0,39
人类自救指南,0,0,0,46
日常生活感悟,0,0,0,36
莫不静好,0,0,0,45
小事其实并不小,0,0,0,1094
毕业倒计时,0,0,0,68
我的未来都有你,0,0,0,29
年少不轻狂系列,0,0,0,37
走出“高原地带”——姜广平教育随笔,0,0,0,150
朋友间的友谊,0,0,0,12
宝贝别怕，这就是人间,0,0,0,27
生活备忘录,0,0,0,14
